1725345922167 22.60137367248535 1
1725345922862 22.385387420654297 2
1725345923657 22.292848587036133 3
1725345924379 22.004087448120117 4
1725345925078 22.62946319580078 5
1725345925793 23.105695724487305 6
1725345926595 22.961389541625977 7
1725345927453 23.027706146240234 8
1725345928226 23.25838851928711 9
1725345929009 23.5872745513916 10
1725345929677 23.732704162597656 11
1725345930513 23.12823486328125 12
1725345931289 22.139530181884766 13
1725345932184 23.099369049072266 14
1725345932898 21.511802673339844 15
1725345933645 21.784082412719727 16
1725345934428 20.067913055419922 17
1725345935180 21.939895629882812 18
1725345935880 22.820396423339844 19
1725345936621 21.86674690246582 20
1725345937428 22.869731903076172 21
1725345938209 21.823972702026367 22
1725345938879 22.824737548828125 23
1725345939572 22.11623191833496 24
1725345940412 22.25774383544922 25
1725345941134 23.023448944091797 26
1725345941899 21.696130752563477 27
1725345942604 22.333267211914062 28
1725345943283 22.105661392211914 29
1725345944049 21.185266494750977 30
1725345944782 22.84654426574707 31
1725345945528 21.565696716308594 32
1725345946261 23.41489028930664 33
1725345947080 23.389808654785156 34
1725345947902 22.27638816833496 35
1725345948904 22.603071212768555 36
1725345949826 22.052024841308594 37
1725345950763 21.514829635620117 38
1725345951617 21.59530258178711 39
1725345952529 22.459993362426758 40
1725345953356 22.987743377685547 41
1725345954229 22.048025131225586 42
1725345955130 21.872156143188477 43
1725345956105 21.741159439086914 44
1725345957091 22.215559005737305 45
1725345958098 22.268325805664062 46
1725345959061 21.959375381469727 47
1725345959997 20.783491134643555 48
1725345960781 21.754411697387695 49
1725345961781 22.65824317932129 50
