1725345922167 0.7716692686080933 1
1725345922862 0.751388669013977 2
1725345923657 0.7406854629516602 3
1725345924379 0.7405530214309692 4
1725345925078 0.7528250217437744 5
1725345925793 0.8239486813545227 6
1725345926595 0.7848415374755859 7
1725345927453 0.7973482608795166 8
1725345928226 0.8097997903823853 9
1725345929009 0.7922124862670898 10
1725345929677 0.8287211060523987 11
1725345930513 0.7455968260765076 12
1725345931289 0.7004371881484985 13
1725345932184 0.7211400866508484 14
1725345932898 0.6825677752494812 15
1725345933645 0.7120517492294312 16
1725345934428 0.6812070608139038 17
1725345935180 0.7277470827102661 18
1725345935880 0.7377675771713257 19
1725345936621 0.718085765838623 20
1725345937428 0.7527087926864624 21
1725345938209 0.6713725328445435 22
1725345938879 0.7455794215202332 23
1725345939572 0.7171956300735474 24
1725345940412 0.7444888949394226 25
1725345941134 0.7638466954231262 26
1725345941899 0.6880820393562317 27
1725345942604 0.734473466873169 28
1725345943283 0.7166452407836914 29
1725345944049 0.686518669128418 30
1725345944782 0.7510148882865906 31
1725345945528 0.6911331415176392 32
1725345946261 0.802791178226471 33
1725345947080 0.7890797257423401 34
1725345947902 0.7354263067245483 35
1725345948904 0.7721211314201355 36
1725345949826 0.7089517116546631 37
1725345950763 0.6947842836380005 38
1725345951617 0.7071089744567871 39
1725345952529 0.7613034844398499 40
1725345953356 0.7760050892829895 41
1725345954229 0.7140580415725708 42
1725345955130 0.6561942100524902 43
1725345956105 0.6612194776535034 44
1725345957091 0.6497160792350769 45
1725345958098 0.715063214302063 46
1725345959061 0.6900638341903687 47
1725345959997 0.5635813474655151 48
1725345960781 0.6382519602775574 49
1725345961781 0.721449613571167 50
