1725345922167 0.005493670701980591 1
1725345922862 0.0057737939059734344 2
1725345923657 0.005898140370845795 3
1725345924379 0.006303637754172087 4
1725345925078 0.005458253435790539 5
1725345925793 0.0048913671635091305 6
1725345926595 0.005056628026068211 7
1725345927453 0.004979997873306274 8
1725345928226 0.0047223810106515884 9
1725345929009 0.004377966746687889 10
1725345929677 0.004233791958540678 11
1725345930513 0.004866048693656921 12
1725345931289 0.00611007958650589 13
1725345932184 0.0048984987661242485 14
1725345932898 0.0070602428168058395 15
1725345933645 0.006631191819906235 16
1725345934428 0.00984483864158392 17
1725345935180 0.00639750063419342 18
1725345935880 0.005223485641181469 19
1725345936621 0.006506168749183416 20
1725345937428 0.005164480768144131 21
1725345938209 0.006570564117282629 22
1725345938879 0.005218265112489462 23
1725345939572 0.006142946891486645 24
1725345940412 0.005946008022874594 25
1725345941134 0.00498488312587142 26
1725345941899 0.006766855251044035 27
1725345942604 0.005843502935022116 28
1725345943283 0.006157915573567152 29
1725345944049 0.007611553184688091 30
1725345944782 0.005192128475755453 31
1725345945528 0.006973168812692165 32
1725345946261 0.004555235616862774 33
1725345947080 0.004581620451062918 34
1725345947902 0.005920536816120148 35
1725345948904 0.005491521209478378 36
1725345949826 0.006234438624233007 37
1725345950763 0.007055322639644146 38
1725345951617 0.006925797089934349 39
1725345952529 0.005675455089658499 40
1725345953356 0.005026035942137241 41
1725345954229 0.006240184418857098 42
1725345955130 0.006498068571090698 43
1725345956105 0.006697054952383041 44
1725345957091 0.006004047580063343 45
1725345958098 0.005931536667048931 46
1725345959061 0.006368871778249741 47
1725345959997 0.008349314332008362 48
1725345960781 0.006676652934402227 49
1725345961781 0.005422201007604599 50
