1725345979660 0.005684121511876583 1
1725345980375 0.006093874573707581 2
1725345981176 0.005904435180127621 3
1725345981887 0.005969814024865627 4
1725345982608 0.005725986789911985 5
1725345983346 0.0049769203178584576 6
1725345984138 0.005159350112080574 7
1725345984989 0.004656560719013214 8
1725345985742 0.004364341031759977 9
1725345986505 0.004614308476448059 10
1725345987173 0.004379448480904102 11
1725345987992 0.005008874461054802 12
1725345988775 0.006222773343324661 13
1725345989639 0.004540421534329653 14
1725345990328 0.0068024322390556335 15
1725345991059 0.0066949352622032166 16
1725345991851 0.010256608948111534 17
1725345992572 0.006342404987663031 18
1725345993265 0.005129467695951462 19
1725345993986 0.006609258707612753 20
1725345994810 0.005208102986216545 21
1725345995564 0.006350225768983364 22
1725345996243 0.0052107046358287334 23
1725345996897 0.005717770662158728 24
1725345997762 0.00649187620729208 25
1725345998484 0.005105811171233654 26
1725345999243 0.007078937254846096 27
1725345999925 0.005707354750484228 28
1725346000614 0.005764979403465986 29
1725346001354 0.007100793998688459 30
1725346002065 0.005042813252657652 31
1725346002791 0.007274211850017309 32
1725346003502 0.004439391661435366 33
1725346004325 0.00476342998445034 34
1725346005130 0.005410957150161266 35
1725346006098 0.005478315055370331 36
1725346007027 0.006575996056199074 37
1725346007927 0.007005450781434774 38
1725346008753 0.006708869244903326 39
1725346009523 0.005526449531316757 40
1725346010256 0.005441681947559118 41
1725346011111 0.006138253957033157 42
1725346011997 0.0071520721539855 43
1725346012945 0.005949343554675579 44
1725346013913 0.005923802964389324 45
1725346014882 0.005857608746737242 46
1725346015835 0.0060628666542470455 47
1725346016767 0.008421959355473518 48
1725346017556 0.0069076260551810265 49
1725346018528 0.00546660041436553 50
1725346019548 0.00645847525447607 51
1725346020441 0.006762227974832058 52
1725346021201 0.006072674877941608 53
1725346021985 0.005615624599158764 54
1725346022748 0.005826698150485754 55
1725346023661 0.005398330744355917 56
1725346024485 0.006362879183143377 57
1725346025332 0.006355115678161383 58
1725346026178 0.00797684583812952 59
1725346027066 0.006796007510274649 60
1725346027847 0.007649044506251812 61
1725346028610 0.005451069679111242 62
1725346029432 0.0077989064157009125 63
1725346030276 0.007206517271697521 64
1725346031057 0.006872138008475304 65
1725346031863 0.0071103330701589584 66
1725346032671 0.007840259000658989 67
1725346033553 0.005907267332077026 68
1725346034421 0.004315922036767006 69
1725346035143 0.005477444268763065 70
1725346035898 0.005028699524700642 71
1725346036667 0.005663899704813957 72
1725346037491 0.005495721008628607 73
1725346038206 0.006687469314783812 74
1725346038989 0.0053506819531321526 75
1725346039888 0.0049620093777775764 76
1725346040709 0.002992903348058462 77
1725346041548 0.005207765381783247 78
1725346042289 0.004524420015513897 79
1725346042995 0.0038424325175583363 80
1725346043821 0.005599218420684338 81
1725346044703 0.0054962048307061195 82
1725346045449 0.005779046565294266 83
1725346046236 0.007854444906115532 84
1725346047023 0.006042319815605879 85
1725346047749 0.005999609362334013 86
1725346048530 0.005083797033876181 87
1725346049400 0.005549784284085035 88
1725346050132 0.009925339370965958 89
1725346051000 0.006474723573774099 90
1725346051895 0.007283439859747887 91
1725346052727 0.007354210130870342 92
1725346053634 0.0055475435219705105 93
1725346054601 0.0038834786973893642 94
1725346055425 0.005184730049222708 95
1725346056200 0.005054634064435959 96
1725346056940 0.0057885171845555305 97
1725346057657 0.004548702854663134 98
1725346058421 0.006010985933244228 99
1725346059199 0.004587247036397457 100
1725346059988 0.006245765835046768 101
1725346060729 0.004335849545896053 102
1725346061587 0.004956608172506094 103
1725346062383 0.005560196470469236 104
1725346063147 0.009700469672679901 105
1725346064020 0.006427416577935219 106
1725346064835 0.008053149096667767 107
1725346065725 0.007425553165376186 108
1725346066500 0.006745311431586742 109
1725346067305 0.00745460344478488 110
1725346068048 0.007102462463080883 111
1725346068808 0.008257485926151276 112
1725346069601 0.007270108908414841 113
1725346070358 0.0059191882610321045 114
1725346071119 0.007999895140528679 115
1725346071895 0.006211043335497379 116
1725346072616 0.008105123415589333 117
1725346073348 0.006481721997261047 118
1725346074077 0.005979625508189201 119
1725346074817 0.005523120518773794 120
1725346075513 0.006225186865776777 121
1725346076284 0.010774845257401466 122
1725346077048 0.0066224089823663235 123
1725346077823 0.006877943407744169 124
1725346078574 0.006954693701118231 125
1725346079348 0.0070182024501264095 126
1725346080178 0.005841042380779982 127
1725346081001 0.007305182050913572 128
1725346081794 0.008145539090037346 129
1725346082547 0.006975015625357628 130
1725346083245 0.006630134768784046 131
1725346084016 0.007954582571983337 132
1725346084777 0.006207719445228577 133
1725346085533 0.008547697216272354 134
1725346086268 0.006983931176364422 135
1725346087050 0.0076469904743134975 136
1725346087788 0.007471616379916668 137
1725346088493 0.006480027921497822 138
1725346089236 0.007613995112478733 139
1725346090007 0.0068192752078175545 140
1725346090881 0.007516953162848949 141
1725346091655 0.006954397540539503 142
1725346092431 0.0072456104680895805 143
1725346093102 0.007084039505571127 144
1725346093929 0.008263656869530678 145
1725346094701 0.006294588558375835 146
1725346095548 0.007232941687107086 147
1725346096299 0.007117522414773703 148
1725346097032 0.005899399518966675 149
1725346097836 0.006384754087775946 150
1725346098567 0.007078647147864103 151
1725346099320 0.00679920194670558 152
1725346100055 0.006785593926906586 153
1725346100902 0.006103521212935448 154
1725346101807 0.005826813634485006 155
1725346102706 0.007529355585575104 156
1725346103560 0.004050354473292828 157
1725346104335 0.003624544944614172 158
1725346105246 0.004113819450139999 159
1725346106026 0.006512138526886702 160
1725346106881 0.006237252615392208 161
1725346107706 0.00522473081946373 162
1725346108674 0.006577783264219761 163
1725346109623 0.005039802752435207 164
1725346110618 0.004579156171530485 165
1725346111624 0.005585632286965847 166
1725346112568 0.0067795757204294205 167
1725346113481 0.0058085075579583645 168
1725346114413 0.006212250795215368 169
1725346115287 0.005900181829929352 170
1725346116044 0.005574065260589123 171
1725346116888 0.006388911511749029 172
1725346117676 0.006707031279802322 173
1725346118476 0.005527636036276817 174
1725346119409 0.006885613314807415 175
1725346120282 0.005675212480127811 176
1725346121218 0.006394060328602791 177
1725346122067 0.005228107795119286 178
1725346123030 0.00644272705540061 179
1725346123939 0.004937201738357544 180
1725346124723 0.005442953668534756 181
1725346125598 0.007116629742085934 182
1725346126488 0.006112856324762106 183
1725346127397 0.006946807261556387 184
1725346128351 0.005518663674592972 185
1725346129134 0.004649279173463583 186
1725346129908 0.004772368352860212 187
1725346130759 0.004986344836652279 188
1725346131574 0.00446818582713604 189
1725346132344 0.006497865542769432 190
1725346133230 0.003887360915541649 191
1725346134099 0.0037861026357859373 192
1725346134918 0.003966774325817823 193
1725346135646 0.004878995008766651 194
1725346136462 0.005434692837297916 195
1725346137273 0.0054070716723799706 196
1725346138046 0.00581035390496254 197
1725346138815 0.006214443128556013 198
1725346139638 0.006460096687078476 199
1725346140287 0.004862961359322071 200
1725346141115 0.004776853136718273 201
1725346141852 0.005516975186765194 202
