1725345979660 22.453365325927734 1
1725345980375 22.151063919067383 2
1725345981176 22.28821563720703 3
1725345981887 22.24039077758789 4
1725345982608 22.42149543762207 5
1725345983346 23.030393600463867 6
1725345984138 22.87405014038086 7
1725345984989 23.319347381591797 8
1725345985742 23.600811004638672 9
1725345986505 23.35893440246582 10
1725345987173 23.585803985595703 11
1725345987992 23.00259780883789 12
1725345988775 22.06015968322754 13
1725345989639 23.42903709411621 14
1725345990328 21.673357009887695 15
1725345991059 21.742534637451172 16
1725345991851 19.88996124267578 17
1725345992572 21.977458953857422 18
1725345993265 22.899274826049805 19
1725345993986 21.798471450805664 20
1725345994810 22.83320426940918 21
1725345995564 21.972108840942383 22
1725345996243 22.83103370666504 23
1725345996897 22.427732467651367 24
1725345997762 21.876296997070312 25
1725345998484 22.91935157775879 26
1725345999243 21.50031852722168 27
1725345999925 22.435649871826172 28
1725346000614 22.39202308654785 29
1725346001354 21.48693084716797 30
1725346002065 22.973270416259766 31
1725346002791 21.38214111328125 32
1725346003502 23.526763916015625 33
1725346004325 23.220802307128906 34
1725346005130 22.667259216308594 35
1725346006098 22.613529205322266 36
1725346007027 21.820383071899414 37
1725346007927 21.545637130737305 38
1725346008753 21.733505249023438 39
1725346009523 22.575536727905273 40
1725346010256 22.64266586303711 41
1725346011111 22.119550704956055 42
1725346011997 21.45568084716797 43
1725346012945 22.255308151245117 44
1725346013913 22.27399253845215 45
1725346014882 22.32279396057129 46
1725346015835 22.173219680786133 47
1725346016767 20.745866775512695 48
1725346017556 21.60671043395996 49
1725346018528 22.622825622558594 50
1725346019548 21.898700714111328 51
1725346020441 21.699100494384766 52
1725346021201 22.16619873046875 53
1725346021985 22.506017684936523 54
1725346022748 22.345773696899414 55
1725346023661 22.677404403686523 56
1725346024485 21.963462829589844 57
1725346025332 21.96876335144043 58
1725346026178 20.981685638427734 59
1725346027066 21.677459716796875 60
1725346027847 21.16392707824707 61
1725346028610 22.635183334350586 62
1725346029432 21.079662322998047 63
1725346030276 21.422746658325195 64
1725346031057 21.629079818725586 65
1725346031863 21.48110008239746 66
1725346032671 21.05669593811035 67
1725346033553 22.2861328125 68
1725346034421 23.649261474609375 69
1725346035143 22.614219665527344 70
1725346035898 22.985443115234375 71
1725346036667 22.468843460083008 72
1725346037491 22.59975242614746 73
1725346038206 21.74738121032715 74
1725346038989 22.71590805053711 75
1725346039888 23.04342269897461 76
1725346040709 25.239072799682617 77
1725346041548 22.833486557006836 78
1725346042289 23.44437026977539 79
1725346042995 24.1539363861084 80
1725346043821 22.51872444152832 81
1725346044703 22.5993709564209 82
1725346045449 22.381437301635742 83
1725346046236 21.048845291137695 84
1725346047023 22.18796157836914 85
1725346047749 22.218769073486328 86
1725346048530 22.9381160736084 87
1725346049400 22.557239532470703 88
1725346050132 20.03254508972168 89
1725346051000 21.887786865234375 90
1725346051895 21.37663459777832 91
1725346052727 21.334638595581055 92
1725346053634 22.558990478515625 93
1725346054601 24.107789993286133 94
1725346055425 22.852737426757812 95
1725346056200 22.963102340698242 96
1725346056940 22.374326705932617 97
1725346057657 23.421123504638672 98
1725346058421 22.210542678833008 99
1725346059199 23.384477615356445 100
1725346059988 22.04414176940918 101
1725346060729 23.629257202148438 102
1725346061587 23.048152923583984 103
1725346062383 22.54909896850586 104
1725346063147 20.13207244873047 105
1725346064020 21.919633865356445 106
1725346064835 20.94034194946289 107
1725346065725 21.29271125793457 108
1725346066500 21.709978103637695 109
1725346067305 21.275753021240234 110
1725346068048 21.485910415649414 111
1725346068808 20.831520080566406 112
1725346069601 21.38459014892578 113
1725346070358 22.27737808227539 114
1725346071119 20.969158172607422 115
1725346071895 22.0683536529541 116
1725346072616 20.912403106689453 117
1725346073348 21.88309669494629 118
1725346074077 22.233259201049805 119
1725346074817 22.578155517578125 120
1725346075513 22.058473587036133 121
1725346076284 19.675888061523438 122
1725346077048 21.789840698242188 123
1725346077823 21.625411987304688 124
1725346078574 21.577219009399414 125
1725346079348 21.537738800048828 126
1725346080178 22.33509635925293 127
1725346081001 21.363689422607422 128
1725346081794 20.89080238342285 129
1725346082547 21.564546585083008 130
1725346083245 21.78477668762207 131
1725346084016 20.993825912475586 132
1725346084777 22.0706787109375 133
1725346085533 20.681509017944336 134
1725346086268 21.55900001525879 135
1725346087050 21.16509437561035 136
1725346087788 21.265853881835938 137
1725346088493 21.884231567382812 138
1725346089236 21.183874130249023 139
1725346090007 21.66261863708496 140
1725346090881 21.239580154418945 141
1725346091655 21.577404022216797 142
1725346092431 21.399250030517578 143
1725346093102 21.497190475463867 144
1725346093929 20.828277587890625 145
1725346094701 22.010326385498047 146
1725346095548 21.406850814819336 147
1725346096299 21.47671127319336 148
1725346097032 22.291919708251953 149
1725346097836 21.948558807373047 150
1725346098567 21.500497817993164 151
1725346099320 21.6754207611084 152
1725346100055 21.684120178222656 153
1725346100902 22.144193649291992 154
1725346101807 22.345687866210938 155
1725346102706 21.232421875 156
1725346103560 23.925067901611328 157
1725346104335 24.4074649810791 158
1725346105246 23.857547760009766 159
1725346106026 21.862762451171875 160
1725346106881 22.050065994262695 161
1725346107706 22.819360733032227 162
1725346108674 21.819202423095703 163
1725346109623 22.97586441040039 164
1725346110618 23.39214324951172 165
1725346111624 22.52927589416504 166
1725346112568 21.687973022460938 167
1725346113481 22.35935401916504 168
1725346114413 22.067508697509766 169
1725346115287 22.291343688964844 170
1725346116044 22.538278579711914 171
1725346116888 21.945730209350586 172
1725346117676 21.734697341918945 173
1725346118476 22.57460594177246 174
1725346119409 21.620573043823242 175
1725346120282 22.46017837524414 176
1725346121218 21.942232131958008 177
1725346122067 22.81655502319336 178
1725346123030 21.909303665161133 179
1725346123939 23.065189361572266 180
1725346124723 22.641651153564453 181
1725346125598 21.47725486755371 182
1725346126488 22.137556076049805 183
1725346127397 21.58214569091797 184
1725346128351 22.581661224365234 185
1725346129134 23.326143264770508 186
1725346129908 23.21265983581543 187
1725346130759 23.022174835205078 188
1725346131574 23.498685836791992 189
1725346132344 21.872291564941406 190
1725346133230 24.103450775146484 191
1725346134099 24.218074798583984 192
1725346134918 24.015623092651367 193
1725346135646 23.116695404052734 194
1725346136462 22.648250579833984 195
1725346137273 22.670379638671875 196
1725346138046 22.357973098754883 197
1725346138815 22.065977096557617 198
1725346139638 21.897607803344727 199
1725346140287 23.130992889404297 200
1725346141115 23.208580017089844 201
1725346141852 22.582988739013672 202
