1725345979660 0.7623188495635986 1
1725345980375 0.7410401105880737 2
1725345981176 0.7449816465377808 3
1725345981887 0.7398899793624878 4
1725345982608 0.744044303894043 5
1725345983346 0.8192216157913208 6
1725345984138 0.7809247970581055 7
1725345984989 0.8070501089096069 8
1725345985742 0.823474109172821 9
1725345986505 0.7818925380706787 10
1725345987173 0.8213131427764893 11
1725345987992 0.7366020679473877 12
1725345988775 0.6995975971221924 13
1725345989639 0.7267367243766785 14
1725345990328 0.6964913010597229 15
1725345991059 0.7081438302993774 16
1725345991851 0.6756110191345215 17
1725345992572 0.7307517528533936 18
1725345993265 0.739027202129364 19
1725345993986 0.7207363843917847 20
1725345994810 0.7465177178382874 21
1725345995564 0.6814364194869995 22
1725345996243 0.7469169497489929 23
1725345996897 0.728785514831543 24
1725345997762 0.7236093282699585 25
1725345998484 0.7568238973617554 26
1725345999243 0.6845279932022095 27
1725345999925 0.7456405162811279 28
1725346000614 0.7248517274856567 29
1725346001354 0.7034451961517334 30
1725346002065 0.7564775943756104 31
1725346002791 0.6776271462440491 32
1725346003502 0.810606837272644 33
1725346004325 0.7771214842796326 34
1725346005130 0.7496182918548584 35
1725346006098 0.7701005935668945 36
1725346007027 0.6976867318153381 37
1725346007927 0.6989055871963501 38
1725346008753 0.707645058631897 39
1725346009523 0.7658091187477112 40
1725346010256 0.7595363855361938 41
1725346011111 0.7129803895950317 42
1725346011997 0.6443139314651489 43
1725346012945 0.680193305015564 44
1725346013913 0.6481723785400391 45
1725346014882 0.7144391536712646 46
1725346015835 0.6958115696907043 47
1725346016767 0.5614696741104126 48
1725346017556 0.6256312727928162 49
1725346018528 0.724004864692688 50
1725346019548 0.7184409499168396 51
1725346020441 0.6792551279067993 52
1725346021201 0.7281041145324707 53
1725346021985 0.7028945684432983 54
1725346022748 0.7396605014801025 55
1725346023661 0.7327505350112915 56
1725346024485 0.6745322346687317 57
1725346025332 0.6553282737731934 58
1725346026178 0.6161240339279175 59
1725346027066 0.6290856599807739 60
1725346027847 0.6572543978691101 61
1725346028610 0.7361992597579956 62
1725346029432 0.6484609842300415 63
1725346030276 0.6263384222984314 64
1725346031057 0.6544879078865051 65
1725346031863 0.6197471618652344 66
1725346032671 0.6694313287734985 67
1725346033553 0.7321508526802063 68
1725346034421 0.8054606914520264 69
1725346035143 0.7140619158744812 70
1725346035898 0.7316533327102661 71
1725346036667 0.6791195869445801 72
1725346037491 0.7082974910736084 73
1725346038206 0.6818752288818359 74
1725346038989 0.7395789623260498 75
1725346039888 0.735680341720581 76
1725346040709 0.7718615531921387 77
1725346041548 0.760344386100769 78
1725346042289 0.7449794411659241 79
1725346042995 0.7818979024887085 80
1725346043821 0.7359598875045776 81
1725346044703 0.7057894468307495 82
1725346045449 0.7192619442939758 83
1725346046236 0.6319304704666138 84
1725346047023 0.6876344680786133 85
1725346047749 0.7079644203186035 86
1725346048530 0.7298393845558167 87
1725346049400 0.7109353542327881 88
1725346050132 0.6278319358825684 89
1725346051000 0.6704647541046143 90
1725346051895 0.6712180376052856 91
1725346052727 0.7187505960464478 92
1725346053634 0.7106675505638123 93
1725346054601 0.7596419453620911 94
1725346055425 0.6992241144180298 95
1725346056200 0.7599703073501587 96
1725346056940 0.6800763607025146 97
1725346057657 0.7600686550140381 98
1725346058421 0.7194814682006836 99
1725346059199 0.7647106647491455 100
1725346059988 0.6968070268630981 101
1725346060729 0.7417054772377014 102
1725346061587 0.7810254693031311 103
1725346062383 0.7428752183914185 104
1725346063147 0.6300239562988281 105
1725346064020 0.6677838563919067 106
1725346064835 0.6608070731163025 107
1725346065725 0.6707367897033691 108
1725346066500 0.7182937860488892 109
1725346067305 0.676859438419342 110
1725346068048 0.7063554525375366 111
1725346068808 0.6607482433319092 112
1725346069601 0.6416559219360352 113
1725346070358 0.6985464692115784 114
1725346071119 0.6633177995681763 115
1725346071895 0.7264227867126465 116
1725346072616 0.6471201181411743 117
1725346073348 0.7031176686286926 118
1725346074077 0.6845017075538635 119
1725346074817 0.681117057800293 120
1725346075513 0.7077317833900452 121
1725346076284 0.6043473482131958 122
1725346077048 0.7085655927658081 123
1725346077823 0.6848770380020142 124
1725346078574 0.679399847984314 125
1725346079348 0.6495208740234375 126
1725346080178 0.7083572149276733 127
1725346081001 0.6602023839950562 128
1725346081794 0.6656802892684937 129
1725346082547 0.6758013963699341 130
1725346083245 0.6846945285797119 131
1725346084016 0.6312780380249023 132
1725346084777 0.692412793636322 133
1725346085533 0.6317024230957031 134
1725346086268 0.6944829225540161 135
1725346087050 0.6357472538948059 136
1725346087788 0.6621667146682739 137
1725346088493 0.6869791150093079 138
1725346089236 0.6430119276046753 139
1725346090007 0.6489393711090088 140
1725346090881 0.6184759140014648 141
1725346091655 0.7109176516532898 142
1725346092431 0.6526809930801392 143
1725346093102 0.6780608892440796 144
1725346093929 0.6267222166061401 145
1725346094701 0.7244961857795715 146
1725346095548 0.6813965439796448 147
1725346096299 0.6987476348876953 148
1725346097032 0.7145757675170898 149
1725346097836 0.6820467114448547 150
1725346098567 0.6580891609191895 151
1725346099320 0.6670211553573608 152
1725346100055 0.6240811347961426 153
1725346100902 0.7093679904937744 154
1725346101807 0.7557849884033203 155
1725346102706 0.7045209407806396 156
1725346103560 0.8308640718460083 157
1725346104335 0.8659158945083618 158
1725346105246 0.8118211030960083 159
1725346106026 0.6913779973983765 160
1725346106881 0.7171434164047241 161
1725346107706 0.7685680389404297 162
1725346108674 0.71927809715271 163
1725346109623 0.7725321650505066 164
1725346110618 0.8147464990615845 165
1725346111624 0.7262381911277771 166
1725346112568 0.683407187461853 167
1725346113481 0.7556734681129456 168
1725346114413 0.7296155691146851 169
1725346115287 0.7613869905471802 170
1725346116044 0.7580664157867432 171
1725346116888 0.7178378105163574 172
1725346117676 0.6891589164733887 173
1725346118476 0.7721341848373413 174
1725346119409 0.6687980890274048 175
1725346120282 0.790398120880127 176
1725346121218 0.734244704246521 177
1725346122067 0.7767990827560425 178
1725346123030 0.6842424869537354 179
1725346123939 0.7810846567153931 180
1725346124723 0.7751947045326233 181
1725346125598 0.7474365234375 182
1725346126488 0.7654018402099609 183
1725346127397 0.7199967503547668 184
1725346128351 0.7599197030067444 185
1725346129134 0.8382650017738342 186
1725346129908 0.8032200932502747 187
1725346130759 0.7742892503738403 188
1725346131574 0.8098011016845703 189
1725346132344 0.7262632846832275 190
1725346133230 0.8071106672286987 191
1725346134099 0.841265857219696 192
1725346134918 0.8381212949752808 193
1725346135646 0.8008630275726318 194
1725346136462 0.7034233808517456 195
1725346137273 0.777285099029541 196
1725346138046 0.7416115999221802 197
1725346138815 0.7101924419403076 198
1725346139638 0.7161167860031128 199
1725346140287 0.7926106452941895 200
1725346141115 0.8124778270721436 201
1725346141852 0.7922248840332031 202
