1725361530743 22.591833114624023 1
1725361531441 22.361143112182617 2
1725361532249 22.43130111694336 3
1725361532977 22.39299774169922 4
1725361533682 22.79023551940918 5
1725361534412 22.918254852294922 6
1725361535208 22.966569900512695 7
1725361536066 23.264503479003906 8
1725361536838 23.54997444152832 9
1725361537638 23.379289627075195 10
1725361538328 23.70146369934082 11
1725361539216 23.161163330078125 12
1725361540026 21.62791633605957 13
1725361540936 23.223522186279297 14
1725361541677 21.395614624023438 15
1725361542442 21.442970275878906 16
1725361543268 20.244468688964844 17
1725361544023 21.82320785522461 18
1725361544727 22.90146827697754 19
1725361545492 21.867610931396484 20
1725361546319 22.796241760253906 21
1725361547095 22.069028854370117 22
1725361547801 22.689706802368164 23
1725361548486 22.200403213500977 24
1725361549400 22.013458251953125 25
1725361550180 22.70175552368164 26
1725361550959 22.017066955566406 27
1725361551684 22.31694221496582 28
1725361552399 21.92217254638672 29
1725361553170 21.5572452545166 30
1725361553952 22.600454330444336 31
1725361554697 21.70292091369629 32
1725361555438 23.4763126373291 33
1725361556283 23.315616607666016 34
1725361557136 21.990026473999023 35
1725361558140 22.68218231201172 36
1725361559063 22.12239646911621 37
1725361560016 21.408266067504883 38
1725361560863 21.845090866088867 39
1725361561660 22.666316986083984 40
1725361562416 22.71019744873047 41
1725361563307 22.143869400024414 42
1725361564226 21.867191314697266 43
1725361565229 21.824281692504883 44
1725361566248 22.13970375061035 45
1725361567272 22.363704681396484 46
1725361568271 22.091196060180664 47
1725361569287 20.600000381469727 48
1725361570114 21.630220413208008 49
1725361571169 22.68932342529297 50
1725361572222 22.007349014282227 51
1725361573162 21.577579498291016 52
1725361574000 21.891592025756836 53
1725361574817 22.015026092529297 54
1725361575590 22.55647087097168 55
1725361576524 22.722719192504883 56
1725361577382 21.85511016845703 57
1725361578242 22.48255729675293 58
1725361579123 21.04204750061035 59
1725361580067 21.65194320678711 60
1725361580865 21.034517288208008 61
1725361581670 22.648399353027344 62
1725361582551 21.012929916381836 63
1725361583444 21.03130531311035 64
1725361584288 21.63397216796875 65
1725361585129 21.569232940673828 66
1725361585913 21.663585662841797 67
1725361586795 22.6691837310791 68
1725361587721 23.04489517211914 69
1725361588450 22.78407096862793 70
1725361589210 22.428020477294922 71
1725361590043 22.8731689453125 72
1725361590876 22.469141006469727 73
1725361591621 21.818950653076172 74
1725361592448 22.60070037841797 75
1725361593404 22.89786148071289 76
1725361594204 25.3399658203125 77
1725361595060 22.224441528320312 78
1725361595767 23.732751846313477 79
1725361596501 24.42739486694336 80
1725361597330 22.636690139770508 81
1725361598222 22.798730850219727 82
1725361598965 22.138046264648438 83
1725361599783 20.28999137878418 84
1725361600553 22.108640670776367 85
1725361601273 22.28306770324707 86
1725361602072 22.983783721923828 87
1725361602947 22.16248893737793 88
1725361603658 21.053449630737305 89
1725361604548 21.415611267089844 90
1725361605423 20.77597427368164 91
1725361606243 20.873579025268555 92
1725361607174 22.6129150390625 93
1725361608169 24.17585563659668 94
1725361608991 23.192550659179688 95
1725361609793 22.77728843688965 96
1725361610585 22.116300582885742 97
1725361611297 23.55392074584961 98
1725361612085 21.757299423217773 99
1725361612877 23.063610076904297 100
1725361613670 21.87416648864746 101
1725361614427 23.628751754760742 102
1725361615322 22.80771827697754 103
1725361616143 21.79806137084961 104
1725361616914 20.711109161376953 105
1725361617806 22.228761672973633 106
1725361618628 21.27290916442871 107
1725361619547 20.994022369384766 108
1725361620323 22.251970291137695 109
1725361621093 22.20050811767578 110
1725361621818 21.71918296813965 111
1725361622597 21.142333984375 112
1725361623385 21.778209686279297 113
1725361624208 21.818601608276367 114
1725361624993 20.95511245727539 115
1725361625802 22.2220516204834 116
1725361626559 21.1978816986084 117
1725361627358 21.83856773376465 118
1725361628140 22.172134399414062 119
1725361628889 22.379297256469727 120
1725361629644 21.526124954223633 121
1725361630434 19.914087295532227 122
1725361631243 21.723834991455078 123
1725361632053 21.540889739990234 124
1725361632853 21.401290893554688 125
1725361633675 21.679853439331055 126
1725361634529 22.545129776000977 127
1725361635380 21.498754501342773 128
1725361636231 20.69661521911621 129
1725361637013 21.136072158813477 130
1725361637762 21.526851654052734 131
1725361638588 21.131542205810547 132
1725361639374 22.168432235717773 133
1725361640162 20.872159957885742 134
1725361640932 21.602582931518555 135
1725361641760 21.082536697387695 136
1725361642586 21.144092559814453 137
1725361643332 21.67705726623535 138
1725361644098 21.275623321533203 139
1725361644938 21.55836296081543 140
1725361645837 21.225101470947266 141
1725361646671 21.57805633544922 142
1725361647469 21.443675994873047 143
1725361648229 21.156667709350586 144
1725361649100 20.85590171813965 145
1725361649934 21.90949249267578 146
1725361650807 21.52828025817871 147
1725361651593 21.650094985961914 148
1725361652395 22.631359100341797 149
1725361653206 22.228818893432617 150
1725361654018 20.992774963378906 151
1725361654817 21.515947341918945 152
1725361655571 21.8619327545166 153
1725361656453 21.677288055419922 154
1725361657394 22.07280731201172 155
1725361658328 21.011032104492188 156
1725361659232 23.740699768066406 157
1725361660007 24.410816192626953 158
1725361660940 23.602712631225586 159
1725361661743 22.136234283447266 160
1725361662598 22.003055572509766 161
1725361663431 22.83013916015625 162
1725361664369 21.541141510009766 163
1725361665326 22.885791778564453 164
1725361666303 23.435094833374023 165
1725361667270 22.47955322265625 166
1725361668184 22.263296127319336 167
1725361669111 22.037752151489258 168
1725361669991 22.160120010375977 169
1725361670869 22.463064193725586 170
1725361671625 22.43195152282715 171
1725361672494 21.78000831604004 172
1725361673261 22.173988342285156 173
1725361674060 22.331815719604492 174
1725361674978 21.603328704833984 175
1725361675860 22.209123611450195 176
1725361676754 22.1955623626709 177
1725361677578 22.807369232177734 178
1725361678484 22.050512313842773 179
1725361679368 23.170177459716797 180
1725361680158 22.72284507751465 181
1725361681002 21.408695220947266 182
1725361681847 22.594614028930664 183
1725361682718 21.63511085510254 184
1725361683607 22.749277114868164 185
1725361684359 23.48809242248535 186
1725361685093 23.215673446655273 187
1725361685935 22.64096450805664 188
1725361686723 23.185800552368164 189
1725361687488 21.09579849243164 190
1725361688357 23.96713638305664 191
1725361689239 24.217121124267578 192
1725361690052 23.623031616210938 193
1725361690782 23.292713165283203 194
1725361691580 22.799753189086914 195
1725361692373 22.783567428588867 196
1725361693144 21.967069625854492 197
1725361693908 22.132286071777344 198
1725361694698 22.250205993652344 199
1725361695344 22.901504516601562 200
1725361696177 23.09157943725586 201
1725361696899 22.543699264526367 202
