1725361530743 0.005505751818418503 1
1725361531441 0.005806115455925465 2
1725361532249 0.005713074933737516 3
1725361532977 0.005763683468103409 4
1725361533682 0.005259885918349028 5
1725361534412 0.005107101518660784 6
1725361535208 0.005050599575042725 7
1725361536066 0.004715737886726856 8
1725361536838 0.004415730480104685 9
1725361537638 0.0045927297323942184 10
1725361538328 0.004264358431100845 11
1725361539216 0.004829294513911009 12
1725361540026 0.006873980164527893 13
1725361540936 0.004760446958243847 14
1725361541677 0.007251677103340626 15
1725361542442 0.007173032965511084 16
1725361543268 0.00945264007896185 17
1725361544023 0.006571720354259014 18
1725361544727 0.005126880016177893 19
1725361545492 0.00650487095117569 20
1725361546319 0.005252618342638016 21
1725361547095 0.0062100766226649284 22
1725361547801 0.005383061245083809 23
1725361548486 0.006025034934282303 24
1725361549400 0.006290052086114883 25
1725361550180 0.005368147976696491 26
1725361550959 0.006284824572503567 27
1725361551684 0.00586550822481513 28
1725361552399 0.006423661019653082 29
1725361553170 0.006986753549426794 30
1725361553952 0.005494832526892424 31
1725361554697 0.006756284274160862 32
1725361555438 0.004491264931857586 33
1725361556283 0.004660561215132475 34
1725361557136 0.006324079819023609 35
1725361558140 0.005392394028604031 36
1725361559063 0.00613423204049468 37
1725361560016 0.0072305831126868725 38
1725361560863 0.006538691930472851 39
1725361561660 0.0054121315479278564 40
1725361562416 0.005357719957828522 41
1725361563307 0.006103980354964733 42
1725361564226 0.006505502387881279 43
1725361565229 0.006570096593350172 44
1725361566248 0.006109836511313915 45
1725361567272 0.005802690051496029 46
1725361568271 0.006178460083901882 47
1725361569287 0.008709631860256195 48
1725361570114 0.006870334502309561 49
1725361571169 0.005383533891290426 50
1725361572222 0.006298906169831753 51
1725361573162 0.006954116281121969 52
1725361574000 0.006469051819294691 53
1725361574817 0.0062877824530005455 54
1725361575590 0.00555076589807868 55
1725361576524 0.005342298187315464 56
1725361577382 0.006523623131215572 57
1725361578242 0.00564604252576828 58
1725361579123 0.007866746746003628 59
1725361580067 0.006836056709289551 60
1725361580865 0.007880399003624916 61
1725361581670 0.005434506572782993 62
1725361582551 0.007919667288661003 63
1725361583444 0.007886230945587158 64
1725361584288 0.0068644024431705475 65
1725361585129 0.006967492401599884 66
1725361585913 0.006817756220698357 67
1725361586795 0.005408556666225195 68
1725361587721 0.004960328806191683 69
1725361588450 0.0052673593163490295 70
1725361589210 0.0057173920795321465 71
1725361590043 0.005160394590348005 72
1725361590876 0.005663510411977768 73
1725361591621 0.0065781669691205025 74
1725361592448 0.005494522862136364 75
1725361593404 0.005131138954311609 76
1725361594204 0.0029241740703582764 77
1725361595060 0.005991780199110508 78
1725361595767 0.004233745392411947 79
1725361596501 0.0036079506389796734 80
1725361597330 0.005449175834655762 81
1725361598222 0.0052496083080768585 82
1725361598965 0.006112169474363327 83
1725361599783 0.009354074485599995 84
1725361600553 0.0061536929570138454 85
1725361601273 0.005911439657211304 86
1725361602072 0.005030619911849499 87
1725361602947 0.006077864672988653 88
1725361603658 0.00784611888229847 89
1725361604548 0.007218364626169205 90
1725361605423 0.008363778702914715 91
1725361606243 0.008177904412150383 92
1725361607174 0.005479089915752411 93
1725361608169 0.0038230891805142164 94
1725361608991 0.004794515669345856 95
1725361609793 0.005275591276586056 96
1725361610585 0.006142848636955023 97
1725361611297 0.004411717876791954 98
1725361612085 0.006672213785350323 99
1725361612877 0.0049389987252652645 100
1725361613670 0.00649506039917469 101
1725361614427 0.004336352925747633 102
1725361615322 0.00523875467479229 103
1725361616143 0.006609884090721607 104
1725361616914 0.008489632979035378 105
1725361617806 0.005985820200294256 106
1725361618628 0.0074594877660274506 107
1725361619547 0.007954222150146961 108
1725361620323 0.005953916814178228 109
1725361621093 0.006024891510605812 110
1725361621818 0.006731029134243727 111
1725361622597 0.007687169127166271 112
1725361623385 0.006640165112912655 113
1725361624208 0.006578694097697735 114
1725361624993 0.008025804534554482 115
1725361625802 0.005995077546685934 116
1725361626559 0.007589474320411682 117
1725361627358 0.006548519246280193 118
1725361628140 0.006064380519092083 119
1725361628889 0.005781896412372589 120
1725361629644 0.007036997936666012 121
1725361630434 0.010199790820479393 122
1725361631243 0.006723824422806501 123
1725361632053 0.007013114169239998 124
1725361632853 0.007242203690111637 125
1725361633675 0.0067922635935246944 126
1725361634529 0.005565278232097626 127
1725361635380 0.007081486284732819 128
1725361636231 0.00851801410317421 129
1725361637013 0.007698263041675091 130
1725361637762 0.007035821210592985 131
1725361638588 0.007706298492848873 132
1725361639374 0.006069554947316647 133
1725361640162 0.008180579170584679 134
1725361640932 0.006914194207638502 135
1725361641760 0.007793748751282692 136
1725361642586 0.007684057112783194 137
1725361643332 0.006796638481318951 138
1725361644098 0.007454828824847937 139
1725361644938 0.006984952371567488 140
1725361645837 0.00754205510020256 141
1725361646671 0.0069533539935946465 142
1725361647469 0.0071718692779541016 143
1725361648229 0.007661842741072178 144
1725361649100 0.008211258798837662 145
1725361649934 0.0064424434676766396 146
1725361650807 0.007033505942672491 147
1725361651593 0.0068389661610126495 148
1725361652395 0.005455867853015661 149
1725361653206 0.005985742434859276 150
1725361654018 0.007956506684422493 151
1725361654817 0.007053505629301071 152
1725361655571 0.006513380911201239 153
1725361656453 0.006796277593821287 154
1725361657394 0.0062046777456998825 155
1725361658328 0.007923129014670849 156
1725361659232 0.004226004239171743 157
1725361660007 0.0036217481829226017 158
1725361660940 0.004362431354820728 159
1725361661743 0.006114720832556486 160
1725361662598 0.0063051339238882065 161
1725361663431 0.00521177938207984 162
1725361664369 0.007012706249952316 163
1725361665326 0.005145419389009476 164
1725361666303 0.004534093197435141 165
1725361667270 0.005649949423968792 166
1725361668184 0.00593841215595603 167
1725361669111 0.006254962645471096 168
1725361669991 0.006081182509660721 169
1725361670869 0.005671442486345768 170
1725361671625 0.005712219513952732 171
1725361672494 0.006637417711317539 172
1725361673261 0.0060617937706410885 173
1725361674060 0.005845455452799797 174
1725361674978 0.00691300630569458 175
1725361675860 0.006012949161231518 176
1725361676754 0.006031755357980728 177
1725361677578 0.0052391765639185905 178
1725361678484 0.006236612796783447 179
1725361679368 0.004819280933588743 180
1725361680158 0.005342140793800354 181
1725361681002 0.007229867856949568 182
1725361681847 0.0055022272281348705 183
1725361682718 0.006862604524940252 184
1725361683607 0.005309727042913437 185
1725361684359 0.0044790999963879585 186
1725361685093 0.004769057035446167 187
1725361685935 0.005443817935883999 188
1725361686723 0.004801975097507238 189
1725361687488 0.007769984193146229 190
1725361688357 0.0040113115683197975 191
1725361689239 0.003786933608353138 192
1725361690052 0.0043420689180493355 193
1725361690782 0.00468520587310195 194
1725361691580 0.005248372443020344 195
1725361692373 0.005267967935651541 196
1725361693144 0.006357596721500158 197
1725361693908 0.006120279431343079 198
1725361694698 0.005956336855888367 199
1725361695344 0.005126837641000748 200
1725361696177 0.004907292313873768 201
1725361696899 0.005567111074924469 202
