1725361530743 0.7739121913909912 1
1725361531441 0.7471874952316284 2
1725361532249 0.7462060451507568 3
1725361532977 0.7517202496528625 4
1725361533682 0.7598238587379456 5
1725361534412 0.815764307975769 6
1725361535208 0.7840883135795593 7
1725361536066 0.8062347769737244 8
1725361536838 0.8205775618553162 9
1725361537638 0.7829870581626892 10
1725361538328 0.8270308971405029 11
1725361539216 0.7414196729660034 12
1725361540026 0.6933666467666626 13
1725361540936 0.7234457731246948 14
1725361541677 0.6858687400817871 15
1725361542442 0.7011719942092896 16
1725361543268 0.6891885995864868 17
1725361544023 0.7237479090690613 18
1725361544727 0.7443802356719971 19
1725361545492 0.7203616499900818 20
1725361546319 0.7502291202545166 21
1725361547095 0.6835485100746155 22
1725361547801 0.7410991787910461 23
1725361548486 0.72459876537323 24
1725361549400 0.7339780926704407 25
1725361550180 0.748741626739502 26
1725361550959 0.7085179090499878 27
1725361551684 0.7352980375289917 28
1725361552399 0.7014659643173218 29
1725361553170 0.7114682793617249 30
1725361553952 0.73345547914505 31
1725361554697 0.6949836015701294 32
1725361555438 0.8064432144165039 33
1725361556283 0.7872415781021118 34
1725361557136 0.7238460779190063 35
1725361558140 0.7737581729888916 36
1725361559063 0.7141730785369873 37
1725361560016 0.6901354789733887 38
1725361560863 0.7164205312728882 39
1725361561660 0.768624484539032 40
1725361562416 0.766447901725769 41
1725361563307 0.7144194841384888 42
1725361564226 0.6549960374832153 43
1725361565229 0.6684901118278503 44
1725361566248 0.6491118669509888 45
1725361567272 0.7124266028404236 46
1725361568271 0.6957502961158752 47
1725361569287 0.5592739582061768 48
1725361570114 0.6334773302078247 49
1725361571169 0.724260687828064 50
1725361572222 0.7206356525421143 51
1725361573162 0.67084801197052 52
1725361574000 0.7068997621536255 53
1725361574817 0.6840701103210449 54
1725361575590 0.7465634346008301 55
1725361576524 0.7340144515037537 56
1725361577382 0.6642981171607971 57
1725361578242 0.6759874224662781 58
1725361579123 0.6200094223022461 59
1725361580067 0.6307387948036194 60
1725361580865 0.6570706367492676 61
1725361581670 0.7374788522720337 62
1725361582551 0.6500805616378784 63
1725361583444 0.6051708459854126 64
1725361584288 0.6525221467018127 65
1725361585129 0.6265910267829895 66
1725361585913 0.6909870505332947 67
1725361586795 0.7434927821159363 68
1725361587721 0.7875434160232544 69
1725361588450 0.7189350128173828 70
1725361589210 0.7067525386810303 71
1725361590043 0.696148157119751 72
1725361590876 0.7079177498817444 73
1725361591621 0.6899784803390503 74
1725361592448 0.7383925914764404 75
1725361593404 0.7336955070495605 76
1725361594204 0.7742710113525391 77
1725361595060 0.7499938011169434 78
1725361595767 0.7588327527046204 79
1725361596501 0.7922722697257996 80
1725361597330 0.7427078485488892 81
1725361598222 0.7199487686157227 82
1725361598965 0.7137482166290283 83
1725361599783 0.605221688747406 84
1725361600553 0.6814238429069519 85
1725361601273 0.7192414999008179 86
1725361602072 0.7391564846038818 87
1725361602947 0.696847677230835 88
1725361603658 0.6637049317359924 89
1725361604548 0.6531699895858765 90
1725361605423 0.6614941358566284 91
1725361606243 0.7145372629165649 92
1725361607174 0.7139086127281189 93
1725361608169 0.7668732404708862 94
1725361608991 0.7219725847244263 95
1725361609793 0.7487412691116333 96
1725361610585 0.6691833138465881 97
1725361611297 0.7627635598182678 98
1725361612085 0.7045165300369263 99
1725361612877 0.7520318031311035 100
1725361613670 0.6816712617874146 101
1725361614427 0.7462523579597473 102
1725361615322 0.7809091806411743 103
1725361616143 0.7237662672996521 104
1725361616914 0.6488771438598633 105
1725361617806 0.6786382794380188 106
1725361618628 0.6744458675384521 107
1725361619547 0.6614322662353516 108
1725361620323 0.7332290410995483 109
1725361621093 0.7044645547866821 110
1725361621818 0.7176008224487305 111
1725361622597 0.6769726276397705 112
1725361623385 0.6566308736801147 113
1725361624208 0.6784332990646362 114
1725361624993 0.6705771684646606 115
1725361625802 0.7278710007667542 116
1725361626559 0.6637195944786072 117
1725361627358 0.6983814239501953 118
1725361628140 0.6778544783592224 119
1725361628889 0.6773197650909424 120
1725361629644 0.6883935928344727 121
1725361630434 0.6090090274810791 122
1725361631243 0.7066356539726257 123
1725361632053 0.6847891807556152 124
1725361632853 0.6682312488555908 125
1725361633675 0.651941180229187 126
1725361634529 0.7164795398712158 127
1725361635380 0.6693029999732971 128
1725361636231 0.651024580001831 129
1725361637013 0.6668757200241089 130
1725361637762 0.6801524758338928 131
1725361638588 0.638949453830719 132
1725361639374 0.6998534202575684 133
1725361640162 0.6398773193359375 134
1725361640932 0.7021218538284302 135
1725361641760 0.6299538612365723 136
1725361642586 0.6515255570411682 137
1725361643332 0.6788499355316162 138
1725361644098 0.6473156213760376 139
1725361644938 0.6504769921302795 140
1725361645837 0.6148226857185364 141
1725361646671 0.7128992676734924 142
1725361647469 0.6521434187889099 143
1725361648229 0.6709363460540771 144
1725361649100 0.6304072141647339 145
1725361649934 0.7180190086364746 146
1725361650807 0.6862654685974121 147
1725361651593 0.7135583162307739 148
1725361652395 0.7265278697013855 149
1725361653206 0.6860536336898804 150
1725361654018 0.6400009393692017 151
1725361654817 0.6559728980064392 152
1725361655571 0.6326411366462708 153
1725361656453 0.6895792484283447 154
1725361657394 0.7498679757118225 155
1725361658328 0.699103593826294 156
1725361659232 0.8250677585601807 157
1725361660007 0.866349458694458 158
1725361660940 0.8014006018638611 159
1725361661743 0.7019780874252319 160
1725361662598 0.7140730023384094 161
1725361663431 0.7691413760185242 162
1725361664369 0.7126021385192871 163
1725361665326 0.7683455944061279 164
1725361666303 0.8125512599945068 165
1725361667270 0.7240149974822998 166
1725361668184 0.706066370010376 167
1725361669111 0.7399983406066895 168
1725361669991 0.7316471338272095 169
1725361670869 0.7714841365814209 170
1725361671625 0.7566288113594055 171
1725361672494 0.7071218490600586 172
1725361673261 0.7103157043457031 173
1725361674060 0.7645325660705566 174
1725361674978 0.6625607013702393 175
1725361675860 0.7866783142089844 176
1725361676754 0.7453830242156982 177
1725361677578 0.7751392126083374 178
1725361678484 0.6927312612533569 179
1725361679368 0.787658154964447 180
1725361680158 0.7791966795921326 181
1725361681002 0.7377991676330566 182
1725361681847 0.7787556648254395 183
1725361682718 0.7236196398735046 184
1725361683607 0.7593747973442078 185
1725361684359 0.8405989408493042 186
1725361685093 0.7997967600822449 187
1725361685935 0.7635570168495178 188
1725361686723 0.7984347343444824 189
1725361687488 0.7025187611579895 190
1725361688357 0.8092433214187622 191
1725361689239 0.842889666557312 192
1725361690052 0.8250424861907959 193
1725361690782 0.8014065623283386 194
1725361691580 0.7092425227165222 195
1725361692373 0.784013569355011 196
1725361693144 0.7267117500305176 197
1725361693908 0.711220383644104 198
1725361694698 0.7300730347633362 199
1725361695344 0.791348934173584 200
1725361696177 0.8109545111656189 201
1725361696899 0.7870030999183655 202
