1725346457097 22.480104446411133 1
1725346457800 22.263446807861328 2
1725346458593 22.369081497192383 3
1725346459298 22.19906997680664 4
1725346459996 22.442501068115234 5
1725346460720 22.86016082763672 6
1725346461507 22.948028564453125 7
1725346462342 23.149091720581055 8
1725346463107 23.40709114074707 9
1725346463879 23.247577667236328 10
1725346464545 23.806316375732422 11
1725346465348 22.986083984375 12
1725346466144 21.53523826599121 13
1725346467017 23.257410049438477 14
1725346467698 21.70699691772461 15
1725346468452 21.369421005249023 16
1725346469225 21.023433685302734 17
1725346469958 21.99399185180664 18
1725346470628 22.902875900268555 19
1725346471337 21.87078857421875 20
1725346472117 23.041263580322266 21
1725346472886 21.935625076293945 22
1725346473567 22.61266326904297 23
1725346474247 22.148761749267578 24
1725346475084 22.155738830566406 25
1725346475818 22.777082443237305 26
1725346476572 21.67726707458496 27
1725346477271 22.13948631286621 28
1725346477985 22.01838493347168 29
1725346478722 21.702247619628906 30
1725346479475 22.633302688598633 31
1725346480262 21.487945556640625 32
1725346481061 23.670753479003906 33
1725346481974 23.585243225097656 34
1725346482781 22.3148136138916 35
1725346483795 22.161516189575195 36
1725346484699 22.36749267578125 37
1725346485642 21.316057205200195 38
1725346486492 21.64392852783203 39
1725346487300 22.43561553955078 40
1725346488027 23.164859771728516 41
1725346488912 22.139278411865234 42
1725346489813 22.03929328918457 43
1725346490784 21.729482650756836 44
1725346491774 22.22358512878418 45
1725346492776 22.256908416748047 46
1725346493718 22.089609146118164 47
1725346494673 20.55572509765625 48
1725346495453 21.591516494750977 49
1725346496438 22.653453826904297 50
1725346497456 22.0760555267334 51
1725346498338 21.50324058532715 52
1725346499120 21.74275779724121 53
1725346499917 22.192424774169922 54
1725346500652 22.369464874267578 55
1725346501565 22.722179412841797 56
1725346502367 22.038667678833008 57
1725346503212 22.045909881591797 58
1725346504033 21.263267517089844 59
1725346504944 21.477092742919922 60
1725346505717 21.264326095581055 61
1725346506490 22.559202194213867 62
1725346507311 21.00855827331543 63
1725346508198 20.91335105895996 64
1725346508972 21.78127670288086 65
1725346509795 21.649198532104492 66
1725346510580 21.673397064208984 67
1725346511471 22.643218994140625 68
1725346512308 23.417272567749023 69
1725346513019 22.507108688354492 70
1725346513763 22.581785202026367 71
1725346514538 22.464862823486328 72
1725346515332 22.725303649902344 73
1725346516049 22.100200653076172 74
1725346516826 22.865081787109375 75
1725346517754 22.43254852294922 76
1725346518556 25.192659378051758 77
1725346519366 22.830408096313477 78
1725346520069 23.58462142944336 79
1725346520781 23.803287506103516 80
1725346521575 22.72527313232422 81
1725346522431 22.644184112548828 82
1725346523167 22.172948837280273 83
1725346523955 20.769960403442383 84
1725346524728 21.544157028198242 85
1725346525470 21.794042587280273 86
1725346526187 23.260114669799805 87
1725346527050 21.968847274780273 88
1725346527755 20.776145935058594 89
1725346528642 21.373315811157227 90
1725346529442 21.74675178527832 91
1725346530238 21.310382843017578 92
1725346531090 22.798521041870117 93
1725346532021 24.262937545776367 94
1725346532828 23.095985412597656 95
1725346533600 23.236011505126953 96
1725346534346 21.851207733154297 97
1725346535050 23.495542526245117 98
1725346535796 21.93718147277832 99
1725346536549 23.447105407714844 100
1725346537315 22.162546157836914 101
1725346538054 23.198795318603516 102
1725346538934 22.187772750854492 103
1725346539695 22.244760513305664 104
1725346540454 20.605989456176758 105
1725346541296 21.921953201293945 106
1725346542085 21.716075897216797 107
1725346542972 21.304380416870117 108
1725346543702 22.326797485351562 109
1725346544475 21.507169723510742 110
1725346545184 21.923507690429688 111
1725346545928 21.39409828186035 112
1725346546698 21.446319580078125 113
1725346547458 22.12940216064453 114
1725346548206 20.932964324951172 115
1725346548984 22.141300201416016 116
1725346549669 21.269962310791016 117
1725346550404 21.960861206054688 118
1725346551116 21.92115020751953 119
1725346551846 22.579330444335938 120
1725346552528 22.06365394592285 121
1725346553273 20.30147933959961 122
1725346553981 22.1435604095459 123
1725346554771 21.4862003326416 124
1725346555541 21.450010299682617 125
1725346556307 21.704641342163086 126
1725346557107 22.762195587158203 127
1725346557923 21.309968948364258 128
1725346558684 20.96300506591797 129
1725346559437 21.135557174682617 130
1725346560134 21.358068466186523 131
1725346560888 21.38397216796875 132
1725346561626 22.047452926635742 133
1725346562392 21.069339752197266 134
1725346563123 21.687213897705078 135
1725346563922 20.812349319458008 136
1725346564676 21.248443603515625 137
1725346565387 21.81666374206543 138
1725346566133 21.176027297973633 139
1725346566938 21.52029800415039 140
1725346567823 21.08212661743164 141
1725346568603 21.19414520263672 142
1725346569365 21.229440689086914 143
1725346570069 20.92405891418457 144
1725346570889 20.935014724731445 145
1725346571640 22.226869583129883 146
1725346572464 21.382890701293945 147
1725346573213 21.352947235107422 148
1725346573936 22.60285758972168 149
1725346574696 21.993244171142578 150
1725346575401 21.45842170715332 151
1725346576135 21.6994571685791 152
1725346576844 21.690746307373047 153
1725346577671 21.852039337158203 154
1725346578546 22.329404830932617 155
1725346579427 21.177814483642578 156
1725346580256 23.68170928955078 157
1725346580993 24.43094825744629 158
1725346581862 23.733667373657227 159
1725346582630 22.213369369506836 160
1725346583462 21.83980941772461 161
1725346584250 22.884477615356445 162
1725346585182 21.469249725341797 163
1725346586126 23.050048828125 164
1725346587070 22.897554397583008 165
1725346588027 22.357574462890625 166
1725346588901 22.283695220947266 167
1725346589804 21.961767196655273 168
1725346590667 22.395933151245117 169
1725346591537 22.52199935913086 170
1725346592306 22.182336807250977 171
1725346593146 22.145965576171875 172
1725346593935 22.016664505004883 173
1725346594728 22.477096557617188 174
1725346595637 21.558746337890625 175
1725346596468 22.57708168029785 176
1725346597365 22.223485946655273 177
1725346598184 22.579025268554688 178
1725346599095 22.051589965820312 179
1725346599970 23.10884666442871 180
1725346600735 22.73617935180664 181
1725346601608 21.225269317626953 182
1725346602478 22.601247787475586 183
1725346603353 22.050308227539062 184
1725346604258 22.618797302246094 185
1725346605027 23.38192367553711 186
1725346605780 23.356258392333984 187
1725346606616 23.1519718170166 188
1725346607402 23.252805709838867 189
1725346608201 21.46689796447754 190
1725346609077 24.26302146911621 191
1725346609960 24.366491317749023 192
1725346610788 23.771377563476562 193
1725346611521 22.944942474365234 194
1725346612339 22.38612174987793 195
1725346613130 22.67664337158203 196
1725346613905 22.050533294677734 197
1725346614649 22.201580047607422 198
1725346615469 21.724102020263672 199
1725346616104 23.109989166259766 200
1725346616906 23.415077209472656 201
1725346617625 22.595340728759766 202
