1725346457097 0.7683911323547363 1
1725346457800 0.7460944652557373 2
1725346458593 0.7459895610809326 3
1725346459298 0.7401169538497925 4
1725346459996 0.7490946054458618 5
1725346460720 0.8129339814186096 6
1725346461507 0.782095730304718 7
1725346462342 0.797069787979126 8
1725346463107 0.8143602013587952 9
1725346463879 0.7822765111923218 10
1725346464545 0.832097589969635 11
1725346465348 0.7416068911552429 12
1725346466144 0.6888006925582886 13
1725346467017 0.7222574949264526 14
1725346467698 0.6919499635696411 15
1725346468452 0.6953343749046326 16
1725346469225 0.7085483074188232 17
1725346469958 0.7319555282592773 18
1725346470628 0.7390328645706177 19
1725346471337 0.7180805206298828 20
1725346472117 0.7619314193725586 21
1725346472886 0.6747809648513794 22
1725346473567 0.7384449243545532 23
1725346474247 0.7176245450973511 24
1725346475084 0.7431526184082031 25
1725346475818 0.7516787052154541 26
1725346476572 0.695292592048645 27
1725346477271 0.7250797748565674 28
1725346477985 0.710229754447937 29
1725346478722 0.7105595469474792 30
1725346479475 0.7335616946220398 31
1725346480262 0.6835952401161194 32
1725346481061 0.813284158706665 33
1725346481974 0.7940371036529541 34
1725346482781 0.7335667610168457 35
1725346483795 0.7605423331260681 36
1725346484699 0.7247084379196167 37
1725346485642 0.6840183734893799 38
1725346486492 0.7048605680465698 39
1725346487300 0.7611867189407349 40
1725346488027 0.7848052978515625 41
1725346488912 0.715410053730011 42
1725346489813 0.6626821756362915 43
1725346490784 0.6598341464996338 44
1725346491774 0.6538118124008179 45
1725346492776 0.7148429155349731 46
1725346493718 0.6958689093589783 47
1725346494673 0.5499722957611084 48
1725346495453 0.6314671039581299 49
1725346496438 0.7286975383758545 50
1725346497456 0.7276222705841064 51
1725346498338 0.6757161617279053 52
1725346499120 0.708065927028656 53
1725346499917 0.6945909261703491 54
1725346500652 0.7405762672424316 55
1725346501565 0.7283362150192261 56
1725346502367 0.6805666089057922 57
1725346503212 0.6658735275268555 58
1725346504033 0.6284459829330444 59
1725346504944 0.6258719563484192 60
1725346505717 0.6633491516113281 61
1725346506490 0.7330241203308105 62
1725346507311 0.643566906452179 63
1725346508198 0.6027776598930359 64
1725346508972 0.6601723432540894 65
1725346509795 0.6264516115188599 66
1725346510580 0.6943005919456482 67
1725346511471 0.7381761074066162 68
1725346512308 0.7984218001365662 69
1725346513019 0.7141342163085938 70
1725346513763 0.7167876362800598 71
1725346514538 0.6765989065170288 72
1725346515332 0.7139918804168701 73
1725346516049 0.6963090896606445 74
1725346516826 0.745549738407135 75
1725346517754 0.7212129831314087 76
1725346518556 0.7703631520271301 77
1725346519366 0.760961651802063 78
1725346520069 0.7548033595085144 79
1725346520781 0.7752476930618286 80
1725346521575 0.7477082014083862 81
1725346522431 0.7136561870574951 82
1725346523167 0.71209317445755 83
1725346523955 0.6138406991958618 84
1725346524728 0.6622966527938843 85
1725346525470 0.7051234841346741 86
1725346526187 0.7400606274604797 87
1725346527050 0.7006924152374268 88
1725346527755 0.648719310760498 89
1725346528642 0.6532175540924072 90
1725346529442 0.6824122071266174 91
1725346530238 0.7240455150604248 92
1725346531090 0.7191827297210693 93
1725346532021 0.770236611366272 94
1725346532828 0.7161566019058228 95
1725346533600 0.7646167278289795 96
1725346534346 0.6599938273429871 97
1725346535050 0.7600245475769043 98
1725346535796 0.7095879912376404 99
1725346536549 0.7678518295288086 100
1725346537315 0.7025812864303589 101
1725346538054 0.732459545135498 102
1725346538934 0.7581985592842102 103
1725346539695 0.7411029934883118 104
1725346540454 0.6449232697486877 105
1725346541296 0.6738166809082031 106
1725346542085 0.6858232021331787 107
1725346542972 0.6657508611679077 108
1725346543702 0.73392254114151 109
1725346544475 0.6831434369087219 110
1725346545184 0.7224758863449097 111
1725346545928 0.6695444583892822 112
1725346546698 0.6463161706924438 113
1725346547458 0.6949073076248169 114
1725346548206 0.6653701066970825 115
1725346548984 0.7244894504547119 116
1725346549669 0.6611356735229492 117
1725346550404 0.6960316896438599 118
1725346551116 0.6617106199264526 119
1725346551846 0.6787748336791992 120
1725346552528 0.7031071186065674 121
1725346553273 0.6328601241111755 122
1725346553981 0.7254918813705444 123
1725346554771 0.67662513256073 124
1725346555541 0.6677697896957397 125
1725346556307 0.65015709400177 126
1725346557107 0.725966215133667 127
1725346557923 0.6644999384880066 128
1725346558684 0.6641181707382202 129
1725346559437 0.6670850515365601 130
1725346560134 0.6662311553955078 131
1725346560888 0.6483123302459717 132
1725346561626 0.6937050819396973 133
1725346562392 0.64264976978302 134
1725346563123 0.6987709999084473 135
1725346563922 0.616715669631958 136
1725346564676 0.6601616144180298 137
1725346565387 0.6874247789382935 138
1725346566133 0.6496177911758423 139
1725346566938 0.6456701755523682 140
1725346567823 0.6119948625564575 141
1725346568603 0.691144585609436 142
1725346569365 0.6432271599769592 143
1725346570069 0.6595636606216431 144
1725346570889 0.6358693838119507 145
1725346571640 0.7298648357391357 146
1725346572464 0.6784858107566833 147
1725346573213 0.6930935382843018 148
1725346573936 0.7269977331161499 149
1725346574696 0.6783753037452698 150
1725346575401 0.6619628667831421 151
1725346576135 0.6666616201400757 152
1725346576844 0.6206064224243164 153
1725346577671 0.7008159160614014 154
1725346578546 0.7557245492935181 155
1725346579427 0.7090678215026855 156
1725346580256 0.8222629427909851 157
1725346580993 0.8665512204170227 158
1725346581862 0.8096842169761658 159
1725346582630 0.6999871134757996 160
1725346583462 0.7095972299575806 161
1725346584250 0.7716159224510193 162
1725346585182 0.7049480676651001 163
1725346586126 0.7742218971252441 164
1725346587070 0.8006654977798462 165
1725346588027 0.7223089933395386 166
1725346588901 0.7060135006904602 167
1725346589804 0.7359433770179749 168
1725346590667 0.7446889877319336 169
1725346591537 0.7750017046928406 170
1725346592306 0.7385319471359253 171
1725346593146 0.7229267954826355 172
1725346593935 0.7030338048934937 173
1725346594728 0.7693883776664734 174
1725346595637 0.6633269190788269 175
1725346596468 0.7958018779754639 176
1725346597365 0.7431129217147827 177
1725346598184 0.7646522521972656 178
1725346599095 0.6969835758209229 179
1725346599970 0.7878878116607666 180
1725346600735 0.7793205380439758 181
1725346601608 0.7267175912857056 182
1725346602478 0.7783058881759644 183
1725346603353 0.7424383163452148 184
1725346604258 0.7539932131767273 185
1725346605027 0.8354558348655701 186
1725346605780 0.8029705286026001 187
1725346606616 0.7744472622871399 188
1725346607402 0.8081315755844116 189
1725346608201 0.7090843319892883 190
1725346609077 0.8189212083816528 191
1725346609960 0.8474242091178894 192
1725346610788 0.8241915702819824 193
1725346611521 0.7967689037322998 194
1725346612339 0.6887710094451904 195
1725346613130 0.7803709506988525 196
1725346613905 0.7324668765068054 197
1725346614649 0.7155917286872864 198
1725346615469 0.7059615850448608 199
1725346616104 0.7924701571464539 200
1725346616906 0.8228151202201843 201
1725346617625 0.7926534414291382 202
