1725346457097 0.005649232305586338 1
1725346457800 0.005938204936683178 2
1725346458593 0.005795512348413467 3
1725346459298 0.006026884075254202 4
1725346459996 0.005698358174413443 5
1725346460720 0.005175876431167126 6
1725346461507 0.005072208121418953 7
1725346462342 0.004842734429985285 8
1725346463107 0.004563423804938793 9
1725346463879 0.004734151065349579 10
1725346464545 0.00416263472288847 11
1725346465348 0.005027955397963524 12
1725346466144 0.007022247649729252 13
1725346467017 0.004723444581031799 14
1725346467698 0.006749944295734167 15
1725346468452 0.007295545190572739 16
1725346469225 0.007900537922978401 17
1725346469958 0.006318307481706142 18
1725346470628 0.0051252166740596294 19
1725346471337 0.006500116549432278 20
1725346472117 0.004964479245245457 21
1725346472886 0.006403792649507523 22
1725346473567 0.0054794056341052055 23
1725346474247 0.006097106263041496 24
1725346475084 0.006087317131459713 25
1725346475818 0.0052758390083909035 26
1725346476572 0.006796311587095261 27
1725346477271 0.006110141985118389 28
1725346477985 0.006282919552177191 29
1725346478722 0.00675733108073473 30
1725346479475 0.00545343104749918 31
1725346480262 0.007099132984876633 32
1725346481061 0.004294618498533964 33
1725346481974 0.004380015190690756 34
1725346482781 0.005868385545909405 35
1725346483795 0.006079224403947592 36
1725346484699 0.005797632038593292 37
1725346485642 0.007385744713246822 38
1725346486492 0.006848682649433613 39
1725346487300 0.005707398988306522 40
1725346488027 0.004825185053050518 41
1725346488912 0.006110433489084244 42
1725346489813 0.006252741441130638 43
1725346490784 0.006715086754411459 44
1725346491774 0.00599296111613512 45
1725346492776 0.005947154946625233 46
1725346493718 0.006180718075484037 47
1725346494673 0.008798877708613873 48
1725346495453 0.0069318353198468685 49
1725346496438 0.005428183823823929 50
1725346497456 0.006200036033987999 51
1725346498338 0.007074176333844662 52
1725346499120 0.0066945902071893215 53
1725346499917 0.006036113016307354 54
1725346500652 0.0057950010523200035 55
1725346501565 0.005342959426343441 56
1725346502367 0.0062536438927054405 57
1725346503212 0.0062432242557406425 58
1725346504033 0.007476065307855606 59
1725346504944 0.007116896566003561 60
1725346505717 0.007474243640899658 61
1725346506490 0.005547276698052883 62
1725346507311 0.007927644066512585 63
1725346508198 0.008103352040052414 64
1725346508972 0.006635477766394615 65
1725346509795 0.006840378046035767 66
1725346510580 0.006802370306104422 67
1725346511471 0.005440991371870041 68
1725346512308 0.00455273874104023 69
1725346513019 0.0056142136454582214 70
1725346513763 0.005518504884094 71
1725346514538 0.005669092759490013 72
1725346515332 0.005339118652045727 73
1725346516049 0.00616566464304924 74
1725346516826 0.005170015152543783 75
1725346517754 0.005711432546377182 76
1725346518556 0.003025059588253498 77
1725346519366 0.0052114566788077354 78
1725346520069 0.004380641970783472 79
1725346520781 0.004165537655353546 80
1725346521575 0.005339155904948711 81
1725346522431 0.005439782049506903 82
1725346523167 0.006063244305551052 83
1725346523955 0.008375370875000954 84
1725346524728 0.007007840555161238 85
1725346525470 0.00661600474268198 86
1725346526187 0.0047205048613250256 87
1725346527050 0.006354994606226683 88
1725346527755 0.008363446220755577 89
1725346528642 0.007289006840437651 90
1725346529442 0.006688441149890423 91
1725346530238 0.007395399268716574 92
1725346531090 0.005249860696494579 93
1725346532021 0.0037471929099410772 94
1725346532828 0.004902316723018885 95
1725346533600 0.004746776074171066 96
1725346534346 0.006529487203806639 97
1725346535050 0.004471421241760254 98
1725346535796 0.0064015015959739685 99
1725346536549 0.004521572031080723 100
1725346537315 0.006077784579247236 101
1725346538054 0.0047876290045678616 102
1725346538934 0.006042583845555782 103
1725346539695 0.005963812582194805 104
1725346540454 0.0086976308375597 105
1725346541296 0.006423984654247761 106
1725346542085 0.006735850125551224 107
1725346542972 0.007405625190585852 108
1725346543702 0.005852213129401207 109
1725346544475 0.007067778613418341 110
1725346545184 0.006421688012778759 111
1725346545928 0.007254210766404867 112
1725346546698 0.007167506031692028 113
1725346547458 0.006124346517026424 114
1725346548206 0.008066842332482338 115
1725346548984 0.006107590161263943 116
1725346549669 0.007464548572897911 117
1725346550404 0.006366691552102566 118
1725346551116 0.006425173953175545 119
1725346551846 0.005521624349057674 120
1725346552528 0.00621776795014739 121
1725346553273 0.009329359978437424 122
1725346553981 0.006104411091655493 123
1725346554771 0.007101988419890404 124
1725346555541 0.00716141564771533 125
1725346556307 0.006753606256097555 126
1725346557107 0.005293956957757473 127
1725346557923 0.0073961056768894196 128
1725346558684 0.008011233061552048 129
1725346559437 0.007699176669120789 130
1725346560134 0.007314641028642654 131
1725346560888 0.007271142210811377 132
1725346561626 0.006241004914045334 133
1725346562392 0.007817462086677551 134
1725346563123 0.006780761759728193 135
1725346563922 0.008294019848108292 136
1725346564676 0.007501627784222364 137
1725346565387 0.0065816305577754974 138
1725346566133 0.007627762388437986 139
1725346566938 0.007046443875879049 140
1725346567823 0.007794482633471489 141
1725346568603 0.00759600754827261 142
1725346569365 0.007534523960202932 143
1725346570069 0.008083402179181576 144
1725346570889 0.00806303322315216 145
1725346571640 0.005988429766148329 146
1725346572464 0.0072729564271867275 147
1725346573213 0.007323273923248053 148
1725346573936 0.0054917908273637295 149
1725346574696 0.006319396197795868 150
1725346575401 0.007147559430450201 151
1725346576135 0.006761675234884024 152
1725346576844 0.006775250192731619 153
1725346577671 0.006528239231556654 154
1725346578546 0.005848701111972332 155
1725346579427 0.007624621968716383 156
1725346580256 0.004283797927200794 157
1725346580993 0.0036049988120794296 158
1725346581862 0.004232853651046753 159
1725346582630 0.006007074378430843 160
1725346583462 0.0065466477535665035 161
1725346584250 0.005146976560354233 162
1725346585182 0.007129760459065437 163
1725346586126 0.004954444244503975 164
1725346587070 0.005131502170115709 165
1725346588027 0.005810885690152645 166
1725346588901 0.005910584237426519 167
1725346589804 0.006365365348756313 168
1725346590667 0.00575978821143508 169
1725346591537 0.005594999995082617 170
1725346592306 0.006050150841474533 171
1725346593146 0.006101034581661224 172
1725346593935 0.006285408046096563 173
1725346594728 0.0056531475856900215 174
1725346595637 0.006984338164329529 175
1725346596468 0.005524483509361744 176
1725346597365 0.005993098020553589 177
1725346598184 0.005522014107555151 178
1725346599095 0.006235063076019287 179
1725346599970 0.004887821152806282 180
1725346600735 0.005325765814632177 181
1725346601608 0.007541765924543142 182
1725346602478 0.005493830889463425 183
1725346603353 0.006236904766410589 184
1725346604258 0.005471672862768173 185
1725346605027 0.004589945077896118 186
1725346605780 0.00461715180426836 187
1725346606616 0.004839524161070585 188
1725346607402 0.004728456027805805 189
1725346608201 0.007133624516427517 190
1725346609077 0.00374712236225605 191
1725346609960 0.0036589019000530243 192
1725346610788 0.004196257796138525 193
1725346611521 0.0050758132711052895 194
1725346612339 0.005772815085947514 195
1725346613130 0.005399277433753014 196
1725346613905 0.006236582063138485 197
1725346614649 0.006023402325809002 198
1725346615469 0.006723410915583372 199
1725346616104 0.0048865340650081635 200
1725346616906 0.004555040039122105 201
1725346617625 0.0055013056844472885 202
