1725350724562 22.69795036315918 1
1725350725337 22.099061965942383 2
1725350726190 22.40040397644043 3
1725350726919 22.489255905151367 4
1725350727643 22.79426383972168 5
1725350728386 23.109859466552734 6
1725350729165 23.010498046875 7
1725350730045 23.023099899291992 8
1725350730818 23.620271682739258 9
1725350731592 23.406404495239258 10
1725350732306 23.44308090209961 11
1725350733144 23.208925247192383 12
1725350733963 21.712432861328125 13
1725350734865 23.445144653320312 14
1725350735598 21.395238876342773 15
1725350736369 21.41874122619629 16
1725350737169 20.64432144165039 17
1725350737918 21.823768615722656 18
1725350738646 22.788463592529297 19
1725350739397 21.9431209564209 20
1725350740201 22.992860794067383 21
1725350740992 21.89116096496582 22
1725350741702 22.513994216918945 23
1725350742407 22.191009521484375 24
1725350743293 21.501644134521484 25
1725350744057 22.97378921508789 26
1725350744802 21.97368621826172 27
1725350745522 22.008649826049805 28
1725350746236 22.139881134033203 29
1725350746989 21.76943588256836 30
1725350747728 22.683372497558594 31
1725350748490 21.411714553833008 32
1725350749222 23.57705307006836 33
1725350750045 23.315608978271484 34
1725350750886 22.2294921875 35
1725350751877 22.604204177856445 36
1725350752786 22.37035369873047 37
1725350753714 21.52472686767578 38
1725350754569 21.735898971557617 39
1725350755357 22.810325622558594 40
1725350756128 22.647336959838867 41
1725350756989 22.322664260864258 42
1725350757905 21.57148551940918 43
1725350758875 21.930511474609375 44
1725350759878 22.360057830810547 45
1725350760883 22.11025047302246 46
1725350761842 22.12696075439453 47
1725350762830 20.5201473236084 48
1725350763607 21.812103271484375 49
1725350764627 22.43514060974121 50
1725350765660 21.533422470092773 51
1725350766546 21.99894905090332 52
1725350767317 22.22587776184082 53
1725350768126 22.188230514526367 54
1725350768859 22.646039962768555 55
1725350769788 22.33820915222168 56
1725350770591 22.32095718383789 57
1725350771442 21.96922492980957 58
1725350772277 21.102216720581055 59
1725350773196 21.38199806213379 60
1725350773992 20.42107582092285 61
1725350774768 22.5283203125 62
1725350775580 20.800201416015625 63
1725350776468 20.85808563232422 64
1725350777276 21.480876922607422 65
1725350778089 21.403059005737305 66
1725350778873 21.41718101501465 67
1725350779757 22.453338623046875 68
1725350780624 22.947860717773438 69
1725350781341 22.66234016418457 70
1725350782076 22.68001937866211 71
1725350782851 22.587757110595703 72
1725350783658 22.736440658569336 73
1725350784366 22.429241180419922 74
1725350785148 22.683359146118164 75
1725350786067 22.60622215270996 76
1725350786891 25.11675453186035 77
1725350787702 22.726282119750977 78
1725350788430 23.594039916992188 79
1725350789138 23.921607971191406 80
1725350789933 22.635313034057617 81
1725350790803 22.571474075317383 82
1725350791529 21.968114852905273 83
1725350792313 20.839374542236328 84
1725350793080 21.774959564208984 85
1725350793780 22.66595458984375 86
1725350794521 22.878652572631836 87
1725350795485 21.98435401916504 88
1725350796210 20.583328247070312 89
1725350797043 21.745325088500977 90
1725350797874 21.371135711669922 91
1725350798730 20.610275268554688 92
1725350799751 22.39773178100586 93
1725350800712 24.411218643188477 94
1725350801560 23.05179214477539 95
1725350802324 23.551193237304688 96
1725350803081 21.910280227661133 97
1725350803797 23.858657836914062 98
1725350804619 21.800416946411133 99
1725350805378 23.313243865966797 100
1725350806158 21.944307327270508 101
1725350806902 23.727313995361328 102
1725350807772 22.869163513183594 103
1725350808654 22.235275268554688 104
1725350809482 20.771381378173828 105
1725350810467 22.00237464904785 106
1725350811317 21.487977981567383 107
1725350812369 20.843135833740234 108
1725350813353 22.174301147460938 109
1725350814157 21.77918815612793 110
1725350814886 21.78316307067871 111
1725350815619 21.537368774414062 112
1725350816565 21.335464477539062 113
1725350817412 21.792375564575195 114
1725350818266 21.124725341796875 115
1725350819087 21.85028839111328 116
1725350819827 21.74188804626465 117
1725350820630 22.09520149230957 118
1725350821463 22.26247215270996 119
1725350822196 22.372159957885742 120
1725350822901 22.050325393676758 121
1725350823703 20.270910263061523 122
1725350824502 22.158681869506836 123
1725350825555 21.823291778564453 124
1725350826291 21.625682830810547 125
1725350827045 21.66240692138672 126
1725350827949 22.33688735961914 127
1725350828799 21.746118545532227 128
1725350829656 20.939300537109375 129
1725350830531 20.92835235595703 130
1725350831258 21.587549209594727 131
1725350832012 21.550912857055664 132
1725350832792 21.62876319885254 133
1725350833631 20.44341278076172 134
1725350834393 21.519498825073242 135
1725350835297 20.822553634643555 136
1725350836169 20.77042579650879 137
1725350836875 21.990928649902344 138
1725350837667 21.438560485839844 139
1725350838485 21.55247688293457 140
1725350839420 21.228364944458008 141
1725350840249 21.385820388793945 142
1725350841049 21.258346557617188 143
1725350841765 20.977521896362305 144
1725350842593 21.002662658691406 145
1725350843386 21.90629768371582 146
1725350844255 21.29521942138672 147
1725350845040 21.321914672851562 148
1725350845837 22.22933578491211 149
1725350846605 21.897180557250977 150
1725350847332 21.24070167541504 151
1725350848101 21.272485733032227 152
1725350848835 21.487892150878906 153
1725350849669 21.955923080444336 154
1725350850605 22.431690216064453 155
1725350851495 21.07394027709961 156
1725350852344 23.852025985717773 157
1725350853100 24.22164535522461 158
1725350853997 23.829343795776367 159
1725350854810 22.18283462524414 160
1725350855638 21.872817993164062 161
1725350856499 22.521617889404297 162
1725350857451 21.89647102355957 163
1725350858408 22.945842742919922 164
1725350859365 23.184730529785156 165
1725350860305 22.351303100585938 166
1725350861232 22.108064651489258 167
1725350862153 21.975088119506836 168
1725350863063 21.900014877319336 169
1725350863950 22.057065963745117 170
1725350864692 22.505945205688477 171
1725350865569 21.84526824951172 172
1725350866389 21.658693313598633 173
1725350867217 22.380773544311523 174
1725350868135 21.791824340820312 175
1725350868996 22.312549591064453 176
1725350869958 21.7658634185791 177
1725350870810 22.698148727416992 178
1725350871729 22.084487915039062 179
1725350872657 23.120386123657227 180
1725350873465 22.738019943237305 181
1725350874357 21.375314712524414 182
1725350875252 22.64373779296875 183
1725350876213 21.45899200439453 184
1725350877124 23.04756736755371 185
1725350877924 22.932249069213867 186
1725350878658 23.18597984313965 187
1725350879481 22.890893936157227 188
1725350880287 23.35124397277832 189
1725350881068 21.027036666870117 190
1725350881956 24.302183151245117 191
1725350882876 24.32611656188965 192
1725350883727 23.915504455566406 193
1725350884494 22.59463119506836 194
1725350885343 22.240497589111328 195
1725350886127 22.810335159301758 196
1725350886911 22.4077205657959 197
1725350887668 21.8719425201416 198
1725350888501 22.047069549560547 199
1725350889173 22.634740829467773 200
1725350890033 23.184288024902344 201
1725350890772 22.57748794555664 202
