1725350724562 0.005372851155698299 1
1725350725337 0.006167281419038773 2
1725350726190 0.005753864999860525 3
1725350726919 0.005637340247631073 4
1725350727643 0.005255010910332203 5
1725350728386 0.004886682145297527 6
1725350729165 0.004999770782887936 7
1725350730045 0.004985285457223654 8
1725350730818 0.004344829358160496 9
1725350731592 0.004564145114272833 10
1725350732306 0.004525763913989067 11
1725350733144 0.00477647315710783 12
1725350733963 0.0067415013909339905 13
1725350734865 0.0045236144214868546 14
1725350735598 0.007252305746078491 15
1725350736369 0.007213164120912552 16
1725350737169 0.00862120185047388 17
1725350737918 0.006570870988070965 18
1725350738646 0.005262034945189953 19
1725350739397 0.006392753683030605 20
1725350740201 0.00502011738717556 21
1725350740992 0.006469694431871176 22
1725350741702 0.005605319049209356 23
1725350742407 0.0060380809009075165 24
1725350743293 0.007076775189489126 25
1725350744057 0.005042209755629301 26
1725350744802 0.006347916554659605 27
1725350745522 0.006297018378973007 28
1725350746236 0.006109587848186493 29
1725350746989 0.006653593387454748 30
1725350747728 0.00539091881364584 31
1725350748490 0.00722484290599823 32
1725350749222 0.004388283938169479 33
1725350750045 0.004660569131374359 34
1725350750886 0.005984815768897533 35
1725350751877 0.005490089766681194 36
1725350752786 0.005793812684714794 37
1725350753714 0.007039265241473913 38
1725350754569 0.00670517235994339 39
1725350755357 0.005235612392425537 40
1725350756128 0.00543583557009697 41
1725350756989 0.005857785698026419 42
1725350757905 0.0069638825953006744 43
1725350758875 0.006411340087652206 44
1725350759878 0.005807565525174141 45
1725350760883 0.006151411682367325 46
1725350761842 0.006127789616584778 47
1725350762830 0.008871255442500114 48
1725350763607 0.006588544696569443 49
1725350764627 0.005708026699721813 50
1725350765660 0.007025183644145727 51
1725350766546 0.006311099976301193 52
1725350767317 0.005989797413349152 53
1725350768126 0.006041945889592171 54
1725350768859 0.00543745793402195 55
1725350769788 0.00583685701712966 56
1725350770591 0.005860087927430868 57
1725350771442 0.006354442797601223 58
1725350772277 0.007758507039397955 59
1725350773196 0.007274450268596411 60
1725350773992 0.009075956419110298 61
1725350774768 0.005586858838796616 62
1725350775580 0.0083172507584095 63
1725350776468 0.008207131177186966 64
1725350777276 0.00711069768294692 65
1725350778089 0.00723925931379199 66
1725350778873 0.007215754594653845 67
1725350779757 0.0056841569021344185 68
1725350780624 0.005072403699159622 69
1725350781341 0.005417087581008673 70
1725350782076 0.005395080894231796 71
1725350782851 0.005510920658707619 72
1725350783658 0.00532544543966651 73
1725350784366 0.005715781357139349 74
1725350785148 0.0053909337148070335 75
1725350786067 0.005487541668117046 76
1725350786891 0.0030783964321017265 77
1725350787702 0.005337915383279324 78
1725350788430 0.00437115179374814 79
1725350789138 0.004053584765642881 80
1725350789933 0.005450905300676823 81
1725350790803 0.005531622096896172 82
1725350791529 0.0063560642302036285 83
1725350792313 0.00824256706982851 84
1725350793080 0.00664513697847724 85
1725350793780 0.005412583705037832 86
1725350794521 0.0051538823172450066 87
1725350795485 0.0063323453068733215 88
1725350796210 0.008743135258555412 89
1725350797043 0.006690637674182653 90
1725350797874 0.007292667403817177 91
1725350798730 0.008689054287970066 92
1725350799751 0.005757404491305351 93
1725350800712 0.003621412441134453 94
1725350801560 0.004952458199113607 95
1725350802324 0.004414489958435297 96
1725350803081 0.006441274657845497 97
1725350803797 0.004112767521291971 98
1725350804619 0.006606300361454487 99
1725350805378 0.004663109313696623 100
1725350806158 0.006391006521880627 101
1725350806902 0.004239050671458244 102
1725350807772 0.005165158770978451 103
1725350808654 0.00597684970125556 104
1725350809482 0.008372628130018711 105
1725350810467 0.00630612438544631 106
1725350811317 0.00709907989948988 107
1725350812369 0.008235429413616657 108
1725350813353 0.0060613579116761684 109
1725350814157 0.006638671271502972 110
1725350814886 0.00663259532302618 111
1725350815619 0.007018802687525749 112
1725350816565 0.007352813147008419 113
1725350817412 0.00661854213103652 114
1725350818266 0.007718399167060852 115
1725350819087 0.006530869752168655 116
1725350819827 0.00669593270868063 117
1725350820630 0.006172764580696821 118
1725350821463 0.005939537193626165 119
1725350822196 0.005791402887552977 120
1725350822901 0.0062368786893785 121
1725350823703 0.009395265020430088 122
1725350824502 0.006083195563405752 123
1725350825555 0.006571594625711441 124
1725350826291 0.006877514533698559 125
1725350827045 0.006819604896008968 126
1725350827949 0.005838633980602026 127
1725350828799 0.006689414381980896 128
1725350829656 0.008055081591010094 129
1725350830531 0.0080754105001688 130
1725350831258 0.006938173435628414 131
1725350832012 0.006996948271989822 132
1725350832792 0.006872639991343021 133
1725350833631 0.009029394015669823 134
1725350834393 0.007047741673886776 135
1725350835297 0.008274553343653679 136
1725350836169 0.0083744702860713 137
1725350836875 0.006322765257209539 138
1725350837667 0.007180321030318737 139
1725350838485 0.0069944290444254875 140
1725350839420 0.007536391727626324 141
1725350840249 0.007268048822879791 142
1725350841049 0.007484542205929756 143
1725350841765 0.007984502241015434 144
1725350842593 0.007938412949442863 145
1725350843386 0.006447186227887869 146
1725350844255 0.007421266287565231 147
1725350845040 0.007375786080956459 148
1725350845837 0.00598503090441227 149
1725350846605 0.006460733711719513 150
1725350847332 0.0075150141492486 151
1725350848101 0.007460214197635651 152
1725350848835 0.007099222391843796 153
1725350849669 0.0063739363104105 154
1725350850605 0.005712560843676329 155
1725350851495 0.007809189613908529 156
1725350852344 0.004119051620364189 157
1725350853100 0.0037829929497092962 158
1725350853997 0.004140620585530996 159
1725350854810 0.006049458868801594 160
1725350855638 0.006497077643871307 161
1725350856499 0.005595490336418152 162
1725350857451 0.00646178936585784 163
1725350858408 0.005074759945273399 164
1725350859365 0.004803156014531851 165
1725350860305 0.005819285288453102 166
1725350861232 0.006154509261250496 167
1725350862153 0.006345869041979313 168
1725350863063 0.006456518080085516 169
1725350863950 0.006227206438779831 170
1725350864692 0.0056157186627388 171
1725350865569 0.0065384223125875 172
1725350866389 0.006825439631938934 173
1725350867217 0.005779930856078863 174
1725350868135 0.006619383580982685 175
1725350868996 0.005871444474905729 176
1725350869958 0.006659070961177349 177
1725350870810 0.0053726062178611755 178
1725350871729 0.0061880117282271385 179
1725350872657 0.004874848295003176 180
1725350873465 0.005323508288711309 181
1725350874357 0.007285653613507748 182
1725350875252 0.005440342240035534 183
1725350876213 0.007146620657294989 184
1725350877124 0.004957276396453381 185
1725350877924 0.005090669728815556 186
1725350878658 0.004801775328814983 187
1725350879481 0.005139377433806658 188
1725350880287 0.004622484557330608 189
1725350881068 0.007893986068665981 190
1725350881956 0.003713484387844801 191
1725350882876 0.0036930758506059647 192
1725350883727 0.0040592835284769535 193
1725350884494 0.005502205342054367 194
1725350885343 0.005969667341560125 195
1725350886127 0.005235600285232067 196
1725350886911 0.005744177382439375 197
1725350887668 0.006498389877378941 198
1725350888501 0.0062415581196546555 199
1725350889173 0.005451622419059277 200
1725350890033 0.004803648218512535 201
1725350890772 0.005523968487977982 202
