1725350724562 0.7780719995498657 1
1725350725337 0.7366747856140137 2
1725350726190 0.7509042620658875 3
1725350726919 0.7567126750946045 4
1725350727643 0.7632793188095093 5
1725350728386 0.8213757276535034 6
1725350729165 0.7853444218635559 7
1725350730045 0.7955002188682556 8
1725350730818 0.8234484791755676 9
1725350731592 0.78208327293396 10
1725350732306 0.8145525455474854 11
1725350733144 0.7442282438278198 12
1725350733963 0.6874607801437378 13
1725350734865 0.7282227873802185 14
1725350735598 0.6893002986907959 15
1725350736369 0.6983489394187927 16
1725350737169 0.71551114320755 17
1725350737918 0.7287667989730835 18
1725350738646 0.7400586605072021 19
1725350739397 0.7275756001472473 20
1725350740201 0.7522822618484497 21
1725350740992 0.6765848398208618 22
1725350741702 0.7354989051818848 23
1725350742407 0.7169358730316162 24
1725350743293 0.7125756740570068 25
1725350744057 0.7633064985275269 26
1725350744802 0.699028491973877 27
1725350745522 0.7218268513679504 28
1725350746236 0.7111879587173462 29
1725350746989 0.7163059711456299 30
1725350747728 0.7387344241142273 31
1725350748490 0.6827529072761536 32
1725350749222 0.8108968734741211 33
1725350750045 0.7843026518821716 34
1725350750886 0.7362192869186401 35
1725350751877 0.7718391418457031 36
1725350752786 0.7239847183227539 37
1725350753714 0.6924318075180054 38
1725350754569 0.7101752758026123 39
1725350755357 0.7756250500679016 40
1725350756128 0.7589329481124878 41
1725350756989 0.7233848571777344 42
1725350757905 0.6511901021003723 43
1725350758875 0.6686856150627136 44
1725350759878 0.6560128927230835 45
1725350760883 0.7123812437057495 46
1725350761842 0.6945899724960327 47
1725350762830 0.5505455732345581 48
1725350763607 0.6408416032791138 49
1725350764627 0.7203180193901062 50
1725350765660 0.711513876914978 51
1725350766546 0.6921159625053406 52
1725350767317 0.7256447672843933 53
1725350768126 0.6972709894180298 54
1725350768859 0.7517572641372681 55
1725350769788 0.7212129831314087 56
1725350770591 0.6899954080581665 57
1725350771442 0.6545318365097046 58
1725350772277 0.6176134347915649 59
1725350773196 0.6179336309432983 60
1725350773992 0.631619930267334 61
1725350774768 0.7285680770874023 62
1725350775580 0.6411164999008179 63
1725350776468 0.6030774116516113 64
1725350777276 0.6522914171218872 65
1725350778089 0.6204699277877808 66
1725350778873 0.6888015270233154 67
1725350779757 0.7309519648551941 68
1725350780624 0.7873610258102417 69
1725350781341 0.7171814441680908 70
1725350782076 0.7186717987060547 71
1725350782851 0.6822710037231445 72
1725350783658 0.7145783305168152 73
1725350784366 0.7077281475067139 74
1725350785148 0.7404299974441528 75
1725350786067 0.7285531759262085 76
1725350786891 0.7694975137710571 77
1725350787702 0.7607772946357727 78
1725350788430 0.7510247826576233 79
1725350789138 0.7745880484580994 80
1725350789933 0.7437187433242798 81
1725350790803 0.7057849764823914 82
1725350791529 0.7113359570503235 83
1725350792313 0.6186785101890564 84
1725350793080 0.674466073513031 85
1725350793780 0.7258684635162354 86
1725350794521 0.734648585319519 87
1725350795485 0.6990094780921936 88
1725350796210 0.6420227289199829 89
1725350797043 0.6669871807098389 90
1725350797874 0.6746437549591064 91
1725350798730 0.7053744792938232 92
1725350799751 0.6967153549194336 93
1725350800712 0.7726922035217285 94
1725350801560 0.7122151255607605 95
1725350802324 0.7789732217788696 96
1725350803081 0.6626911163330078 97
1725350803797 0.77342289686203 98
1725350804619 0.7052584886550903 99
1725350805378 0.7640807628631592 100
1725350806158 0.6889877319335938 101
1725350806902 0.7465165257453918 102
1725350807772 0.7722363471984863 103
1725350808654 0.7400515079498291 104
1725350809482 0.648240327835083 105
1725350810467 0.6720098853111267 106
1725350811317 0.6812376976013184 107
1725350812369 0.659666895866394 108
1725350813353 0.7255374193191528 109
1725350814157 0.6884936690330505 110
1725350814886 0.7128530144691467 111
1725350815619 0.6791560649871826 112
1725350816565 0.6547287702560425 113
1725350817412 0.6878400444984436 114
1725350818266 0.6759126782417297 115
1725350819087 0.7164559364318848 116
1725350819827 0.6905515193939209 117
1725350820630 0.7060953378677368 118
1725350821463 0.6804457902908325 119
1725350822196 0.6691511273384094 120
1725350822901 0.7138947248458862 121
1725350823703 0.63002610206604 122
1725350824502 0.7274901866912842 123
1725350825555 0.6954625248908997 124
1725350826291 0.6717731952667236 125
1725350827045 0.6476576924324036 126
1725350827949 0.7040733098983765 127
1725350828799 0.6802821755409241 128
1725350829656 0.6629045009613037 129
1725350830531 0.6526687145233154 130
1725350831258 0.6691645383834839 131
1725350832012 0.6577571630477905 132
1725350832792 0.6743329763412476 133
1725350833631 0.622268795967102 134
1725350834393 0.689099133014679 135
1725350835297 0.6179146766662598 136
1725350836169 0.6347005367279053 137
1725350836875 0.6882718801498413 138
1725350837667 0.6505800485610962 139
1725350838485 0.6499519348144531 140
1725350839420 0.6194008588790894 141
1725350840249 0.7050729990005493 142
1725350841049 0.6422638297080994 143
1725350841765 0.6658569574356079 144
1725350842593 0.636296272277832 145
1725350843386 0.7126668691635132 146
1725350844255 0.6771878004074097 147
1725350845040 0.6927242875099182 148
1725350845837 0.7059811353683472 149
1725350846605 0.677512526512146 150
1725350847332 0.6498111486434937 151
1725350848101 0.6526432037353516 152
1725350848835 0.6187242865562439 153
1725350849669 0.7051562070846558 154
1725350850605 0.7603166103363037 155
1725350851495 0.7023065686225891 156
1725350852344 0.8273475170135498 157
1725350853100 0.8629390597343445 158
1725350853997 0.8106902837753296 159
1725350854810 0.6992083787918091 160
1725350855638 0.7072128057479858 161
1725350856499 0.7532511949539185 162
1725350857451 0.7282571196556091 163
1725350858408 0.7720131874084473 164
1725350859365 0.8075462579727173 165
1725350860305 0.7187707424163818 166
1725350861232 0.6994197368621826 167
1725350862153 0.7341004014015198 168
1725350863063 0.7282191514968872 169
1725350863950 0.7581887245178223 170
1725350864692 0.7641067504882812 171
1725350865569 0.7150763273239136 172
1725350866389 0.6787599325180054 173
1725350867217 0.7666015625 174
1725350868135 0.6784104108810425 175
1725350868996 0.7875122427940369 176
1725350869958 0.7258117198944092 177
1725350870810 0.7670920491218567 178
1725350871729 0.6927630305290222 179
1725350872657 0.7860755324363708 180
1725350873465 0.7796409726142883 181
1725350874357 0.7325983643531799 182
1725350875252 0.7753317356109619 183
1725350876213 0.7193677425384521 184
1725350877124 0.7725973129272461 185
1725350877924 0.826418936252594 186
1725350878658 0.8018900156021118 187
1725350879481 0.7737244367599487 188
1725350880287 0.8041987419128418 189
1725350881068 0.7038382887840271 190
1725350881956 0.8168789148330688 191
1725350882876 0.8426750898361206 192
1725350883727 0.8345761299133301 193
1725350884494 0.7811384201049805 194
1725350885343 0.6790159940719604 195
1725350886127 0.7862030267715454 196
1725350886911 0.746756911277771 197
1725350887668 0.7056750655174255 198
1725350888501 0.7184979319572449 199
1725350889173 0.7833038568496704 200
1725350890033 0.8102397918701172 201
1725350890772 0.7916189432144165 202
