1725346741981 0.7707105875015259 1
1725346742684 0.744268000125885 2
1725346743474 0.7390251755714417 3
1725346744173 0.7489421367645264 4
1725346744889 0.7459089756011963 5
1725346745582 0.8178632259368896 6
1725346746372 0.7821862697601318 7
1725346747248 0.8088198900222778 8
1725346748010 0.8137204647064209 9
1725346748774 0.7816146612167358 10
1725346749427 0.8338332176208496 11
1725346750219 0.740780234336853 12
1725346751015 0.6791860461235046 13
1725346751878 0.7189977169036865 14
1725346752585 0.6704610586166382 15
1725346753321 0.698661208152771 16
1725346754111 0.6872587203979492 17
1725346754818 0.737650990486145 18
1725346755508 0.7381315231323242 19
1725346756203 0.7201031446456909 20
1725346756988 0.7602137923240662 21
1725346757736 0.682579755783081 22
1725346758448 0.7294939756393433 23
1725346759107 0.735262393951416 24
1725346759954 0.7353830337524414 25
1725346760681 0.7534092664718628 26
1725346761432 0.701600968837738 27
1725346762140 0.7249586582183838 28
1725346762814 0.718426525592804 29
1725346763550 0.7104504704475403 30
1725346764278 0.7452525496482849 31
1725346764999 0.6911913156509399 32
1725346765725 0.8112333416938782 33
1725346766533 0.7885928750038147 34
1725346767344 0.7341686487197876 35
1725346768314 0.7718549966812134 36
1725346769240 0.7168110609054565 37
1725346770161 0.6986281871795654 38
1725346771019 0.704939603805542 39
1725346771792 0.7728098630905151 40
1725346772558 0.767970085144043 41
1725346773430 0.7219812870025635 42
1725346774331 0.6542134284973145 43
1725346775285 0.6643705368041992 44
1725346776281 0.6479478478431702 45
1725346777263 0.7219305634498596 46
1725346778210 0.6996915340423584 47
1725346779164 0.5638618469238281 48
1725346779938 0.6385833024978638 49
1725346780908 0.7407819032669067 50
1725346781907 0.7388582229614258 51
1725346782784 0.681853175163269 52
1725346783582 0.7073509693145752 53
1725346784363 0.7027814984321594 54
1725346785119 0.7431043386459351 55
1725346786036 0.7090087532997131 56
1725346786842 0.6882665157318115 57
1725346787670 0.6611202955245972 58
1725346788493 0.6266763210296631 59
1725346789405 0.6110355854034424 60
1725346790193 0.648372232913971 61
1725346790955 0.7448278665542603 62
1725346791752 0.6509907841682434 63
1725346792654 0.5903976559638977 64
1725346793468 0.6539517641067505 65
1725346794274 0.6272507309913635 66
1725346795064 0.6922684907913208 67
1725346795946 0.7378940582275391 68
1725346796818 0.7875672578811646 69
1725346797511 0.730890154838562 70
1725346798255 0.723552405834198 71
1725346799015 0.6685649156570435 72
1725346799805 0.7281813621520996 73
1725346800535 0.6915754079818726 74
1725346801337 0.7315611243247986 75
1725346802256 0.719818651676178 76
1725346803064 0.7697998285293579 77
1725346803891 0.7498990893363953 78
1725346804595 0.750336766242981 79
1725346805285 0.7892118096351624 80
1725346806097 0.7433880567550659 81
1725346806953 0.7130239009857178 82
1725346807687 0.7239787578582764 83
1725346808475 0.6120598912239075 84
1725346809243 0.6682249307632446 85
1725346809946 0.7273018956184387 86
1725346810716 0.7222840785980225 87
1725346811577 0.6816402673721313 88
1725346812268 0.6619353294372559 89
1725346813117 0.6684845089912415 90
1725346813927 0.681663990020752 91
1725346814708 0.7324269413948059 92
1725346815551 0.7290035486221313 93
1725346816468 0.7715185880661011 94
1725346817302 0.705542266368866 95
1725346818054 0.7732263803482056 96
1725346818804 0.6717557907104492 97
1725346819511 0.7594821453094482 98
1725346820285 0.7183510065078735 99
1725346821047 0.7523617744445801 100
1725346821822 0.693617582321167 101
1725346822544 0.7466638088226318 102
1725346823395 0.7862630486488342 103
1725346824160 0.740375280380249 104
1725346824920 0.6507008075714111 105
1725346825784 0.6695287227630615 106
1725346826579 0.672996997833252 107
1725346827443 0.674832820892334 108
1725346828181 0.7224704027175903 109
1725346828922 0.7014254927635193 110
1725346829612 0.7309543490409851 111
1725346830353 0.6860865950584412 112
1725346831116 0.6641519665718079 113
1725346831891 0.6816273331642151 114
1725346832659 0.6534818410873413 115
1725346833427 0.7378239631652832 116
1725346834099 0.6823917627334595 117
1725346834839 0.7043989896774292 118
1725346835564 0.6744086742401123 119
1725346836284 0.6777483224868774 120
1725346836987 0.6980423927307129 121
1725346837764 0.6036121845245361 122
1725346838481 0.7170758247375488 123
1725346839265 0.6776156425476074 124
1725346840018 0.6822466254234314 125
1725346840771 0.6486589312553406 126
1725346841552 0.733572781085968 127
1725346842355 0.6709551811218262 128
1725346843123 0.6564381718635559 129
1725346843853 0.6792135238647461 130
1725346844551 0.685177206993103 131
1725346845320 0.6435991525650024 132
1725346846062 0.683942973613739 133
1725346846799 0.6534115076065063 134
1725346847530 0.6974850296974182 135
1725346848309 0.6275999546051025 136
1725346849075 0.643429160118103 137
1725346849753 0.6909215450286865 138
1725346850480 0.6530237197875977 139
1725346851260 0.648883044719696 140
1725346852113 0.6209137439727783 141
1725346852888 0.705973744392395 142
1725346853645 0.6520774364471436 143
1725346854337 0.6658766269683838 144
1725346855162 0.618520200252533 145
1725346855919 0.7175663113594055 146
1725346856739 0.6924049854278564 147
1725346857492 0.6991449594497681 148
1725346858226 0.7255349159240723 149
1725346858996 0.6783441305160522 150
1725346859724 0.6508208513259888 151
1725346860474 0.6377676725387573 152
1725346861207 0.6201738119125366 153
1725346862016 0.7086624503135681 154
1725346862888 0.7533444762229919 155
1725346863781 0.7019075751304626 156
1725346864605 0.8250612020492554 157
1725346865346 0.8631400465965271 158
1725346866236 0.8078781366348267 159
1725346867005 0.6907309889793396 160
1725346867824 0.7162419557571411 161
1725346868622 0.7675678133964539 162
1725346869550 0.7146931290626526 163
1725346870508 0.7668180465698242 164
1725346871488 0.8171974420547485 165
1725346872439 0.7202225923538208 166
1725346873347 0.6925234794616699 167
1725346874217 0.744733989238739 168
1725346875135 0.7216470241546631 169
1725346876010 0.756405770778656 170
1725346876759 0.7488327026367188 171
1725346877597 0.7269660234451294 172
1725346878411 0.6960731148719788 173
1725346879225 0.7569960355758667 174
1725346880146 0.6553052663803101 175
1725346881005 0.7900995016098022 176
1725346881943 0.7369961738586426 177
1725346882779 0.7642343640327454 178
1725346883705 0.6901713013648987 179
1725346884610 0.7845983505249023 180
1725346885381 0.7730716466903687 181
1725346886256 0.7410266399383545 182
1725346887128 0.7626278400421143 183
1725346887989 0.7221794128417969 184
1725346888901 0.753480076789856 185
1725346889668 0.8271076679229736 186
1725346890411 0.8031542301177979 187
1725346891231 0.7750371098518372 188
1725346892021 0.7983171939849854 189
1725346892784 0.7088578939437866 190
1725346893651 0.8041553497314453 191
1725346894531 0.840184211730957 192
1725346895349 0.8232966065406799 193
1725346896074 0.7972781658172607 194
1725346896888 0.6917910575866699 195
1725346897667 0.7754645347595215 196
1725346898449 0.7320276498794556 197
1725346899202 0.704119086265564 198
1725346900003 0.7173333168029785 199
1725346900648 0.8017098903656006 200
1725346901511 0.8171365261077881 201
1725346902232 0.7908576726913452 202
