1725346741981 0.005512516014277935 1
1725346742684 0.005976073443889618 2
1725346743474 0.006052292883396149 3
1725346744173 0.005736338905990124 4
1725346744889 0.005683558993041515 5
1725346745582 0.005032443441450596 6
1725346746372 0.005314110778272152 7
1725346747248 0.0045398264192044735 8
1725346748010 0.004612786695361137 9
1725346748774 0.004673691000789404 10
1725346749427 0.004108009394258261 11
1725346750219 0.005020025186240673 12
1725346751015 0.007418785244226456 13
1725346751878 0.004901883192360401 14
1725346752585 0.008222653530538082 15
1725346753321 0.007288744207471609 16
1725346754111 0.00950532779097557 17
1725346754818 0.006172833498567343 18
1725346755508 0.005271825939416885 19
1725346756203 0.006330592092126608 20
1725346756988 0.0049623106606304646 21
1725346757736 0.006200301460921764 22
1725346758448 0.005837754346430302 23
1725346759107 0.005535740405321121 24
1725346759954 0.00620171707123518 25
1725346760681 0.005254209972918034 26
1725346761432 0.00646626204252243 27
1725346762140 0.006199090741574764 28
1725346762814 0.005953852087259293 29
1725346763550 0.006758846342563629 30
1725346764278 0.005244760774075985 31
1725346764999 0.006768904160708189 32
1725346765725 0.004435199312865734 33
1725346766533 0.004481878597289324 34
1725346767344 0.005706108175218105 35
1725346768314 0.0057373130694031715 36
1725346769240 0.006010815035551786 37
1725346770161 0.007000488694757223 38
1725346771019 0.006975402589887381 39
1725346771792 0.005331975873559713 40
1725346772558 0.005294120870530605 41
1725346773430 0.00577168632298708 42
1725346774331 0.006667656823992729 43
1725346775285 0.006543559022247791 44
1725346776281 0.006065992172807455 45
1725346777263 0.005589210893958807 46
1725346778210 0.00590053154155612 47
1725346779164 0.008354397490620613 48
1725346779938 0.006668034475296736 49
1725346780908 0.005003764759749174 50
1725346781907 0.005808745510876179 51
1725346782784 0.006728263106197119 52
1725346783582 0.0067491731606423855 53
1725346784363 0.0057438574731349945 54
1725346785119 0.005596569739282131 55
1725346786036 0.0060936263762414455 56
1725346786842 0.006143039092421532 57
1725346787670 0.006332626566290855 58
1725346788493 0.007444098591804504 59
1725346789405 0.007641470991075039 60
1725346790193 0.00802917405962944 61
1725346790955 0.005111268255859613 62
1725346791752 0.007540998049080372 63
1725346792654 0.008898496627807617 64
1725346793468 0.006838198751211166 65
1725346794274 0.006640283390879631 66
1725346795064 0.006997348740696907 67
1725346795946 0.0053779324516654015 68
1725346796818 0.004957833327353001 69
1725346797511 0.005067881196737289 70
1725346798255 0.0053380629979074 71
1725346799015 0.006075224839150906 72
1725346799805 0.00504650641232729 73
1725346800535 0.006295523606240749 74
1725346801337 0.005643325857818127 75
1725346802256 0.005622505210340023 76
1725346803064 0.0030823135748505592 77
1725346803891 0.005686275660991669 78
1725346804595 0.004347184207290411 79
1725346805285 0.0036915605887770653 80
1725346806097 0.0054930574260652065 81
1725346806953 0.0054385303519666195 82
1725346807687 0.005736377090215683 83
1725346808475 0.008982662111520767 84
1725346809243 0.006689467933028936 85
1725346809946 0.005389786325395107 86
1725346810716 0.005385022144764662 87
1725346811577 0.006703258957713842 88
1725346812268 0.007547121495008469 89
1725346813117 0.006682269275188446 90
1725346813927 0.0070697045885026455 91
1725346814708 0.007020385470241308 92
1725346815551 0.004912538919597864 93
1725346816468 0.0038438558112829924 94
1725346817302 0.005068534053862095 95
1725346818054 0.00460148137062788 96
1725346818804 0.00614595040678978 97
1725346819511 0.004502895753830671 98
1725346820285 0.005982985254377127 99
1725346821047 0.0051316614262759686 100
1725346821822 0.006238846108317375 101
1725346822544 0.004270878154784441 102
1725346823395 0.004639951046556234 103
1725346824160 0.0059059858322143555 104
1725346824920 0.008857925422489643 105
1725346825784 0.006424525752663612 106
1725346826579 0.007627863436937332 107
1725346827443 0.0072015016339719296 108
1725346828181 0.006738958414644003 109
1725346828922 0.006440616212785244 110
1725346829612 0.006034026853740215 111
1725346830353 0.006617038976401091 112
1725346831116 0.006450509186834097 113
1725346831891 0.006389436777681112 114
1725346832659 0.00838678888976574 115
1725346833427 0.005680311005562544 116
1725346834099 0.006925617344677448 117
1725346834839 0.006249075289815664 118
1725346835564 0.006311665754765272 119
1725346836284 0.005544169805943966 120
1725346836987 0.006842912174761295 121
1725346837764 0.01056143268942833 122
1725346838481 0.006303918547928333 123
1725346839265 0.007081726100295782 124
1725346840018 0.006693929433822632 125
1725346840771 0.0070352680049836636 126
1725346841552 0.0050801485776901245 127
1725346842355 0.007547046057879925 128
1725346843123 0.007924042642116547 129
1725346843853 0.007124974858015776 130
1725346844551 0.006457080598920584 131
1725346845320 0.007305648177862167 132
1725346846062 0.006578694563359022 133
1725346846799 0.007563196122646332 134
1725346847530 0.006839265581220388 135
1725346848309 0.007809746544808149 136
1725346849075 0.007904844358563423 137
1725346849753 0.006419647019356489 138
1725346850480 0.007338347844779491 139
1725346851260 0.006811429746448994 140
1725346852113 0.007464496418833733 141
1725346852888 0.007270781323313713 142
1725346853645 0.00692483177408576 143
1725346854337 0.00766497990116477 144
1725346855162 0.008616209030151367 145
1725346855919 0.006186027079820633 146
1725346856739 0.00672501465305686 147
1725346857492 0.0069694179110229015 148
1725346858226 0.005682341754436493 149
1725346858996 0.006332359742373228 150
1725346859724 0.007380574010312557 151
1725346860474 0.007804059889167547 152
1725346861207 0.007045326288789511 153
1725346862016 0.006215894129127264 154
1725346862888 0.006020881235599518 155
1725346863781 0.007842132821679115 156
1725346864605 0.0043040174059569836 157
1725346865346 0.0037107830867171288 158
1725346866236 0.004180912859737873 159
1725346867005 0.006502801552414894 160
1725346867824 0.006348246708512306 161
1725346868622 0.005200942978262901 162
1725346869550 0.0068428413942456245 163
1725346870508 0.0052581243216991425 164
1725346871488 0.004523165058344603 165
1725346872439 0.005851285066455603 166
1725346873347 0.006324943155050278 167
1725346874217 0.00596042163670063 168
1725346875135 0.006651618983596563 169
1725346876010 0.006138607859611511 170
1725346876759 0.005998331122100353 171
1725346877597 0.006161968223750591 172
1725346878411 0.006434503942728043 173
1725346879225 0.006020880304276943 174
1725346880146 0.007467078976333141 175
1725346881005 0.005692784674465656 176
1725346881943 0.006251994054764509 177
1725346882779 0.005458956118673086 178
1725346883705 0.006218292750418186 179
1725346884610 0.004865656606853008 180
1725346885381 0.005445074290037155 181
1725346886256 0.007058811839669943 182
1725346887128 0.006182449869811535 183
1725346887989 0.006812065839767456 184
1725346888901 0.005599076859652996 185
1725346889668 0.00516493758186698 186
1725346890411 0.0046136206947267056 187
1725346891231 0.004914032761007547 188
1725346892021 0.0046807024627923965 189
1725346892784 0.007196224294602871 190
1725346893651 0.00397095363587141 191
1725346894531 0.003866441547870636 192
1725346895349 0.004233540967106819 193
1725346896074 0.004795347806066275 194
1725346896888 0.0056482176296412945 195
1725346897667 0.005469749681651592 196
1725346898449 0.006043846718966961 197
1725346899202 0.00638656597584486 198
1725346900003 0.006212362553924322 199
1725346900648 0.004669805057346821 200
1725346901511 0.0047769611701369286 201
1725346902232 0.005507483147084713 202
