1725346741981 22.58650016784668 1
1725346742684 22.235837936401367 2
1725346743474 22.18079948425293 3
1725346744173 22.413650512695312 4
1725346744889 22.45379638671875 5
1725346745582 22.982210159301758 6
1725346746372 22.74569320678711 7
1725346747248 23.42960548400879 8
1725346748010 23.360366821289062 9
1725346748774 23.30339813232422 10
1725346749427 23.863685607910156 11
1725346750219 22.99294090270996 12
1725346751015 21.29667091369629 13
1725346751878 23.09636878967285 14
1725346752585 20.849878311157227 15
1725346753321 21.373472213745117 16
1725346754111 20.220327377319336 17
1725346754818 22.09515380859375 18
1725346755508 22.78038787841797 19
1725346756203 21.98555564880371 20
1725346756988 23.04315948486328 21
1725346757736 22.07587242126465 22
1725346758448 22.337541580200195 23
1725346759107 22.568241119384766 24
1725346759954 22.074880599975586 25
1725346760681 22.794925689697266 26
1725346761432 21.89346694946289 27
1725346762140 22.076719284057617 28
1725346762814 22.252017974853516 29
1725346763550 21.70127296447754 30
1725346764278 22.802743911743164 31
1725346764999 21.69481658935547 32
1725346765725 23.530868530273438 33
1725346766533 23.485397338867188 34
1725346767344 22.436599731445312 35
1725346768314 22.412912368774414 36
1725346769240 22.210664749145508 37
1725346770161 21.548715591430664 38
1725346771019 21.564306259155273 39
1725346771792 22.731117248535156 40
1725346772558 22.762060165405273 41
1725346773430 22.38697052001953 42
1725346774331 21.760265350341797 43
1725346775285 21.84185791015625 44
1725346776281 22.17098045349121 45
1725346777263 22.5264949798584 46
1725346778210 22.291088104248047 47
1725346779164 20.78084945678711 48
1725346779938 21.760021209716797 49
1725346780908 23.007028579711914 50
1725346781907 22.359176635742188 51
1725346782784 21.72096824645996 52
1725346783582 21.70749282836914 53
1725346784363 22.407960891723633 54
1725346785119 22.520780563354492 55
1725346786036 22.151241302490234 56
1725346786842 22.116167068481445 57
1725346787670 21.984161376953125 58
1725346788493 21.281879425048828 59
1725346789405 21.168228149414062 60
1725346790193 20.953290939331055 61
1725346790955 22.914710998535156 62
1725346791752 21.225709915161133 63
1725346792654 20.506834030151367 64
1725346793468 21.65058135986328 65
1725346794274 21.778133392333984 66
1725346795064 21.5506649017334 67
1725346795946 22.693845748901367 68
1725346796818 23.047080993652344 69
1725346797511 22.95173454284668 70
1725346798255 22.72616195678711 71
1725346799015 22.164377212524414 72
1725346799805 22.970090866088867 73
1725346800535 22.009679794311523 74
1725346801337 22.484647750854492 75
1725346802256 22.500699996948242 76
1725346803064 25.111230850219727 77
1725346803891 22.451719284057617 78
1725346804595 23.617919921875 79
1725346805285 24.327899932861328 80
1725346806097 22.601858139038086 81
1725346806953 22.645183563232422 82
1725346807687 22.41362190246582 83
1725346808475 20.4659481048584 84
1725346809243 21.746082305908203 85
1725346809946 22.684282302856445 86
1725346810716 22.68812370300293 87
1725346811577 21.737138748168945 88
1725346812268 21.222185134887695 89
1725346813117 21.75075912475586 90
1725346813927 21.5059871673584 91
1725346814708 21.53639030456543 92
1725346815551 23.086938858032227 93
1725346816468 24.152328491210938 94
1725346817302 22.951175689697266 95
1725346818054 23.371023178100586 96
1725346818804 22.11410903930664 97
1725346819511 23.46508026123047 98
1725346820285 22.230819702148438 99
1725346821047 22.897418975830078 100
1725346821822 22.0489559173584 101
1725346822544 23.694828033447266 102
1725346823395 23.33486557006836 103
1725346824160 22.28707504272461 104
1725346824920 20.52667999267578 105
1725346825784 21.921588897705078 106
1725346826579 21.17597007751465 107
1725346827443 21.425769805908203 108
1725346828181 21.71407127380371 109
1725346828922 21.910724639892578 110
1725346829612 22.193925857543945 111
1725346830353 21.79336166381836 112
1725346831116 21.9040584564209 113
1725346831891 21.94537353515625 114
1725346832659 20.7640438079834 115
1725346833427 22.45627784729004 116
1725346834099 21.595413208007812 117
1725346834839 22.041841506958008 118
1725346835564 21.998559951782227 119
1725346836284 22.561634063720703 120
1725346836987 21.6475887298584 121
1725346837764 19.76276969909668 122
1725346838481 22.003894805908203 123
1725346839265 21.498607635498047 124
1725346840018 21.743186950683594 125
1725346840771 21.527193069458008 126
1725346841552 22.941234588623047 127
1725346842355 21.22222900390625 128
1725346843123 21.01053237915039 129
1725346843853 21.472166061401367 130
1725346844551 21.89963722229004 131
1725346845320 21.36341094970703 132
1725346846062 21.818601608276367 133
1725346846799 21.21294593811035 134
1725346847530 21.649904251098633 135
1725346848309 21.07362937927246 136
1725346849075 21.021066665649414 137
1725346849753 21.924888610839844 138
1725346850480 21.344017028808594 139
1725346851260 21.667617797851562 140
1725346852113 21.269994735717773 141
1725346852888 21.384187698364258 142
1725346853645 21.59590721130371 143
1725346854337 21.154888153076172 144
1725346855162 20.646835327148438 145
1725346855919 22.085880279541016 146
1725346856739 21.723066329956055 147
1725346857492 21.568035125732422 148
1725346858226 22.454727172851562 149
1725346858996 21.984342575073242 150
1725346859724 21.31909942626953 151
1725346860474 21.076793670654297 152
1725346861207 21.52098846435547 153
1725346862016 22.06496238708496 154
1725346862888 22.203397750854492 155
1725346863781 21.0556583404541 156
1725346864605 23.661258697509766 157
1725346865346 24.305343627929688 158
1725346866236 23.787288665771484 159
1725346867005 21.868993759155273 160
1725346867824 21.973461151123047 161
1725346868622 22.83917808532715 162
1725346869550 21.647634506225586 163
1725346870508 22.791690826416016 164
1725346871488 23.445575714111328 165
1725346872439 22.32748794555664 166
1725346873347 21.98943328857422 167
1725346874217 22.247228622436523 168
1725346875135 21.77072525024414 169
1725346876010 22.119300842285156 170
1725346876759 22.219694137573242 171
1725346877597 22.102806091308594 172
1725346878411 21.91484832763672 173
1725346879225 22.203399658203125 174
1725346880146 21.268491744995117 175
1725346881005 22.44675064086914 176
1725346881943 22.039813995361328 177
1725346882779 22.628904342651367 178
1725346883705 22.06328773498535 179
1725346884610 23.128585815429688 180
1725346885381 22.63995933532715 181
1725346886256 21.51268196105957 182
1725346887128 22.088394165039062 183
1725346887989 21.667211532592773 184
1725346888901 22.518835067749023 185
1725346889668 22.869348526000977 186
1725346890411 23.35957908630371 187
1725346891231 23.08561897277832 188
1725346892021 23.29688835144043 189
1725346892784 21.428953170776367 190
1725346893651 24.011051177978516 191
1725346894531 24.12688446044922 192
1725346895349 23.732961654663086 193
1725346896074 23.191797256469727 194
1725346896888 22.480886459350586 195
1725346897667 22.620323181152344 196
1725346898449 22.186864852905273 197
1725346899202 21.94732666015625 198
1725346900003 22.06743049621582 199
1725346900648 23.3070125579834 200
1725346901511 23.20848274230957 201
1725346902232 22.59046745300293 202
