1725449678562 27.556355990985832 0
1725451940682 30.374671983246756 2
1725456488430 31.476246791310828 6
1725463239468 32.05059278601467 12
1725474528271 32.169405087386025 22
1725475654867 32.267985934078105 23
1725479023746 32.39002721616537 26
1725480145025 32.49399399521327 27
1725481265316 32.630144898254095 28
1725482381269 32.73308442370726 29
1725485746812 32.84502818796894 32
1725490232043 33.318326350485926 36
1725501453522 33.30008586562506 46
1725505943931 33.58671623173326 50
1725508196955 33.68382407178973 52
1725510439794 33.68922396933679 54
