1725449678561 0.8461961365572297 0
1725451940680 0.8613189877849994 2
1725456488429 0.9016155190397017 6
1725463239466 0.9156057262184596 12
1725474528270 0.9227877546950142 22
1725475654866 0.9157933598697776 23
1725479023744 0.9174627602690517 26
1725480145023 0.9156521272541273 27
1725481265314 0.9261596210227154 28
1725482381268 0.9187389346632627 29
1725485746811 0.9236099352635959 32
1725490232041 0.9265215551794166 36
1725501453520 0.9241152410164918 46
1725505943930 0.9282928784885028 50
1725508196954 0.9267942456915828 52
1725510439793 0.9281370406693751 54
