1725449678558 0.011682758814763298 0
1725451940677 0.0038911273149845513 2
1725456488286 0.0030694681423001032 6
1725463239462 0.0025985167415822903 12
1725474527989 0.0021542046617881202 22
1725475654862 0.0021219909902487092 23
1725479023740 0.002045851038866651 26
1725480145019 0.0020358113544987956 27
1725481265311 0.002026026331541741 28
1725482381264 0.0019670285585526768 29
1725485746808 0.001966432540533416 32
1725490232037 0.0019017306615685971 36
1725501453248 0.001852616989079513 46
1725505943926 0.001838264691975297 50
1725508196950 0.001799580351982101 52
1725510439789 0.0018229841971795656 54
