1725358297698 0.00554836867377162 1
1725358298395 0.005961177870631218 2
1725358299196 0.00563604012131691 3
1725358299895 0.006079759448766708 4
1725358300612 0.005711950361728668 5
1725358301339 0.0049145095981657505 6
1725358302149 0.005193932447582483 7
1725358303007 0.004892903845757246 8
1725358303785 0.004323343746364117 9
1725358304584 0.004935319535434246 10
1725358305287 0.004508686251938343 11
1725358306098 0.004702686332166195 12
1725358306895 0.006543975323438644 13
1725358307800 0.004871124401688576 14
1725358308511 0.007148653268814087 15
1725358309264 0.006581849884241819 16
1725358310072 0.009952196851372719 17
1725358310819 0.006415415555238724 18
1725358311506 0.005111873149871826 19
1725358312303 0.007161833345890045 20
1725358313112 0.004979152698069811 21
1725358313910 0.006464701145887375 22
1725358314670 0.005504835397005081 23
1725358315388 0.005987277254462242 24
1725358316287 0.006831902079284191 25
1725358317062 0.0049521117471158504 26
1725358317844 0.006655949167907238 27
1725358318578 0.0060674650594592094 28
1725358319283 0.005992967635393143 29
1725358320045 0.006640169769525528 30
1725358320795 0.0052468441426754 31
1725358321586 0.006632287986576557 32
1725358322354 0.0045351372100412846 33
1725358323248 0.004558487329632044 34
1725358324102 0.00557437539100647 35
1725358325136 0.005417701788246632 36
1725358326085 0.006116587668657303 37
1725358327043 0.006905691232532263 38
1725358327919 0.006976272910833359 39
1725358328756 0.005333961918950081 40
1725358329520 0.005519700702279806 41
1725358330434 0.006195887923240662 42
1725358331358 0.007236356846988201 43
1725358332344 0.006525974255055189 44
1725358333378 0.00623855646699667 45
1725358334413 0.005907894112169743 46
1725358335396 0.006506151519715786 47
1725358336372 0.008774550631642342 48
1725358337181 0.006792107596993446 49
1725358338199 0.005402894224971533 50
1725358339256 0.007185801863670349 51
1725358340145 0.006639442872256041 52
1725358340911 0.006229158025234938 53
1725358341746 0.006420577876269817 54
1725358342521 0.005604725331068039 55
1725358343445 0.0056706639006733894 56
1725358344256 0.006400623824447393 57
1725358345147 0.005884933285415173 58
1725358346015 0.008192196488380432 59
1725358346934 0.007015548180788755 60
1725358347721 0.007257129065692425 61
1725358348499 0.005150008946657181 62
1725358349332 0.0069332364946603775 63
1725358350228 0.007392987608909607 64
1725358351058 0.007538195699453354 65
1725358351911 0.007045218721032143 66
1725358352735 0.007746892981231213 67
1725358353707 0.006271034479141235 68
1725358354601 0.00453041959553957 69
1725358355340 0.005535375326871872 70
1725358356114 0.005495456513017416 71
1725358356901 0.005314884707331657 72
1725358357741 0.005001523531973362 73
1725358358508 0.0062449052929878235 74
1725358359338 0.005351423751562834 75
1725358360266 0.004926898516714573 76
1725358361133 0.0030260903295129538 77
1725358361966 0.0053435154259204865 78
1725358362728 0.004300216678529978 79
1725358363487 0.003804375883191824 80
1725358364284 0.0050509232096374035 81
1725358365192 0.005869695451110601 82
1725358365919 0.00601972546428442 83
1725358366710 0.007942108437418938 84
1725358367509 0.00645203422755003 85
1725358368226 0.005498845130205154 86
1725358368994 0.004935195669531822 87
1725358369845 0.006343779154121876 88
1725358370590 0.007131056860089302 89
1725358371447 0.006658579222857952 90
1725358372294 0.007752781268209219 91
1725358373088 0.007907743565738201 92
1725358373973 0.005803232546895742 93
1725358374918 0.003656509332358837 94
1725358375746 0.0050140367820858955 95
1725358376517 0.004871298559010029 96
1725358377285 0.005975962616503239 97
1725358377998 0.004497222602367401 98
1725358378745 0.005768727511167526 99
1725358379521 0.004725763574242592 100
1725358380334 0.006404226645827293 101
1725358381089 0.0044594877399504185 102
1725358381943 0.005589866545051336 103
1725358382724 0.006339583545923233 104
1725358383471 0.009180065244436264 105
1725358384317 0.006458648946136236 106
1725358385140 0.006765960715711117 107
1725358386017 0.007589205168187618 108
1725358386776 0.0056230612099170685 109
1725358387573 0.0071098655462265015 110
1725358388268 0.005900610238313675 111
1725358389005 0.007862109690904617 112
1725358389766 0.0074843112379312515 113
1725358390540 0.006312142126262188 114
1725358391299 0.008335590362548828 115
1725358392125 0.006088131573051214 116
1725358392833 0.007017585448920727 117
1725358393597 0.006162135861814022 118
1725358394339 0.00601625069975853 119
1725358395088 0.0057036979123950005 120
1725358395797 0.006502321921288967 121
1725358396544 0.009648028761148453 122
1725358397291 0.0066935098730027676 123
1725358398073 0.0074186986312270164 124
1725358398806 0.006785951554775238 125
1725358399585 0.006613820791244507 126
1725358400392 0.005982488393783569 127
1725358401230 0.00783306173980236 128
1725358402027 0.007481993641704321 129
1725358402770 0.0073724715039134026 130
1725358403485 0.007092971354722977 131
1725358404245 0.007339249365031719 132
1725358404986 0.006429299712181091 133
1725358405725 0.008047191426157951 134
1725358406497 0.00637624179944396 135
1725358407299 0.00815475545823574 136
1725358408069 0.007434505969285965 137
1725358408785 0.006816777400672436 138
1725358409538 0.007616737391799688 139
1725358410345 0.006741389632225037 140
1725358411257 0.007900598458945751 141
1725358412049 0.007018983364105225 142
1725358412835 0.006857292260974646 143
1725358413573 0.007573353126645088 144
1725358414435 0.008798719383776188 145
1725358415224 0.006029828451573849 146
1725358416068 0.007066619582474232 147
1725358416848 0.006967326160520315 148
1725358417640 0.005882445722818375 149
1725358418441 0.006351806223392487 150
1725358419209 0.00703762611374259 151
1725358419968 0.006828333251178265 152
1725358420690 0.006643878296017647 153
1725358421524 0.006594602018594742 154
1725358422413 0.006087803281843662 155
1725358423312 0.007561776787042618 156
1725358424139 0.004153129179030657 157
1725358424913 0.0038182761054486036 158
1725358425817 0.004207478370517492 159
1725358426639 0.006784752942621708 160
1725358427496 0.006885751150548458 161
1725358428292 0.0051474133506417274 162
1725358429214 0.006519326474517584 163
1725358430227 0.00531506072729826 164
1725358431197 0.004627828951925039 165
1725358432178 0.005417301319539547 166
1725358433121 0.00711109209805727 167
1725358434050 0.006429510191082954 168
1725358434974 0.006261955481022596 169
1725358435883 0.0058304620906710625 170
1725358436639 0.005536213517189026 171
1725358437503 0.006281902082264423 172
1725358438339 0.006442774087190628 173
1725358439150 0.005820130463689566 174
1725358440107 0.006920603569597006 175
1725358440976 0.005906403064727783 176
1725358441902 0.006271316669881344 177
1725358442731 0.0055916327983140945 178
1725358443678 0.006541832350194454 179
1725358444557 0.0048779333010315895 180
1725358445327 0.005370495840907097 181
1725358446246 0.007494986057281494 182
1725358447115 0.005841015838086605 183
1725358447990 0.007025951519608498 184
1725358448894 0.005704960785806179 185
1725358449679 0.005400448571890593 186
1725358450426 0.004589819815009832 187
1725358451280 0.005050246138125658 188
1725358452081 0.0044851223938167095 189
1725358452851 0.0066553084179759026 190
1725358453721 0.00378906587138772 191
1725358454636 0.0037477638106793165 192
1725358455443 0.004020371474325657 193
1725358456196 0.005179865285754204 194
1725358457038 0.005494048353284597 195
1725358457841 0.005202725064009428 196
1725358458600 0.005723097827285528 197
1725358459368 0.0062675466760993 198
1725358460193 0.006569217890501022 199
1725358460841 0.005176978651434183 200
1725358461669 0.00487620709463954 201
1725358462387 0.005520845763385296 202
