1725358297698 0.7736928462982178 1
1725358298395 0.7451982498168945 2
1725358299196 0.749454140663147 3
1725358299895 0.7422304153442383 4
1725358300612 0.7456150650978088 5
1725358301339 0.8219811916351318 6
1725358302149 0.7821053266525269 7
1725358303007 0.7973651885986328 8
1725358303785 0.8244142532348633 9
1725358304584 0.7775765657424927 10
1725358305287 0.8160127401351929 11
1725358306098 0.7497775554656982 12
1725358306895 0.6900931596755981 13
1725358307800 0.7184772491455078 14
1725358308511 0.6849392056465149 15
1725358309264 0.7128492593765259 16
1725358310072 0.6882071495056152 17
1725358310819 0.7309979796409607 18
1725358311506 0.7406830191612244 19
1725358312303 0.7060133218765259 20
1725358313112 0.7579641938209534 21
1725358313910 0.6765273809432983 22
1725358314670 0.7434253692626953 23
1725358315388 0.7173677086830139 24
1725358316287 0.7224214673042297 25
1725358317062 0.7679281830787659 26
1725358317844 0.696923017501831 27
1725358318578 0.734033465385437 28
1725358319283 0.7198303937911987 29
1725358320045 0.7211697697639465 30
1725358320795 0.7418419122695923 31
1725358321586 0.69840407371521 32
1725358322354 0.8051890134811401 33
1725358323248 0.7859224081039429 34
1725358324102 0.7473728060722351 35
1725358325136 0.7779837846755981 36
1725358326085 0.7172574400901794 37
1725358327043 0.6990134716033936 38
1725358327919 0.7003515958786011 39
1725358328756 0.7727152109146118 40
1725358329520 0.7608911991119385 41
1725358330434 0.715625524520874 42
1725358331358 0.6405597925186157 43
1725358332344 0.6645691394805908 44
1725358333378 0.6441137194633484 45
1725358334413 0.7084797024726868 46
1725358335396 0.684740424156189 47
1725358336372 0.5594742298126221 48
1725358337181 0.6337308883666992 49
1725358338199 0.7304691076278687 50
1725358339256 0.7087175250053406 51
1725358340145 0.6796111464500427 52
1725358340911 0.7226011753082275 53
1725358341746 0.6815735101699829 54
1725358342521 0.7459613680839539 55
1725358343445 0.7215757369995117 56
1725358344256 0.6762189865112305 57
1725358345147 0.669597327709198 58
1725358346015 0.6109023094177246 59
1725358346934 0.6296976804733276 60
1725358347721 0.671099066734314 61
1725358348499 0.7498949766159058 62
1725358349332 0.6717205047607422 63
1725358350228 0.6217391490936279 64
1725358351058 0.6423027515411377 65
1725358351911 0.620354413986206 66
1725358352735 0.6792152523994446 67
1725358353707 0.7190542817115784 68
1725358354601 0.802763819694519 69
1725358355340 0.7125152349472046 70
1725358356114 0.716464638710022 71
1725358356901 0.6918190717697144 72
1725358357741 0.7295783162117004 73
1725358358508 0.6968485713005066 74
1725358359338 0.7387571334838867 75
1725358360266 0.7375620007514954 76
1725358361133 0.7743815779685974 77
1725358361966 0.7585581541061401 78
1725358362728 0.7530645132064819 79
1725358363487 0.7855547666549683 80
1725358364284 0.7598337531089783 81
1725358365192 0.6997630596160889 82
1725358365919 0.7165191173553467 83
1725358366710 0.6278923749923706 84
1725358367509 0.6748336553573608 85
1725358368226 0.7230877876281738 86
1725358368994 0.7295910120010376 87
1725358369845 0.690149188041687 88
1725358370590 0.6762312054634094 89
1725358371447 0.6671209335327148 90
1725358372294 0.6673439741134644 91
1725358373088 0.7140149474143982 92
1725358373973 0.7071347832679749 93
1725358374918 0.7730109691619873 94
1725358375746 0.7129974961280823 95
1725358376517 0.7600183486938477 96
1725358377285 0.672229528427124 97
1725358377998 0.7581740021705627 98
1725358378745 0.7234504222869873 99
1725358379521 0.7580161094665527 100
1725358380334 0.687801718711853 101
1725358381089 0.734769344329834 102
1725358381943 0.7656005024909973 103
1725358382724 0.7278329730033875 104
1725358383471 0.6420973539352417 105
1725358384317 0.6714671850204468 106
1725358385140 0.6858929991722107 107
1725358386017 0.6652397513389587 108
1725358386776 0.7383480072021484 109
1725358387573 0.6792510747909546 110
1725358388268 0.7335309386253357 111
1725358389005 0.6723220348358154 112
1725358389766 0.6497812271118164 113
1725358390540 0.6905733942985535 114
1725358391299 0.6594547033309937 115
1725358392125 0.725341796875 116
1725358392833 0.675230860710144 117
1725358393597 0.708790123462677 118
1725358394339 0.6760404109954834 119
1725358395088 0.6744250059127808 120
1725358395797 0.6965065598487854 121
1725358396544 0.623393177986145 122
1725358397291 0.7120569348335266 123
1725358398073 0.6769537329673767 124
1725358398806 0.674177348613739 125
1725358399585 0.6524519324302673 126
1725358400392 0.7075263261795044 127
1725358401230 0.652867317199707 128
1725358402027 0.6768791675567627 129
1725358402770 0.6704124212265015 130
1725358403485 0.668738603591919 131
1725358404245 0.6511964797973633 132
1725358404986 0.6922637820243835 133
1725358405725 0.6354965567588806 134
1725358406497 0.7158028483390808 135
1725358407299 0.6235583424568176 136
1725358408069 0.659268856048584 137
1725358408785 0.6821085214614868 138
1725358409538 0.6410013437271118 139
1725358410345 0.6544725894927979 140
1725358411257 0.6082130670547485 141
1725358412049 0.7062746286392212 142
1725358412835 0.6626282930374146 143
1725358413573 0.6685259342193604 144
1725358414435 0.6176579594612122 145
1725358415224 0.7262850999832153 146
1725358416068 0.684765100479126 147
1725358416848 0.705716609954834 148
1725358417640 0.7156168818473816 149
1725358418441 0.6779769062995911 150
1725358419209 0.662129282951355 151
1725358419968 0.6741639375686646 152
1725358420690 0.6280659437179565 153
1725358421524 0.6999096274375916 154
1725358422413 0.7526721954345703 155
1725358423312 0.7083932161331177 156
1725358424139 0.8254266381263733 157
1725358424913 0.8600900173187256 158
1725358425817 0.8087915182113647 159
1725358426639 0.6830791234970093 160
1725358427496 0.6954919099807739 161
1725358428292 0.7682496309280396 162
1725358429214 0.7228782176971436 163
1725358430227 0.7652300596237183 164
1725358431197 0.8145089149475098 165
1725358432178 0.7319621443748474 166
1725358433121 0.6766437292098999 167
1725358434050 0.736562967300415 168
1725358434974 0.7288683652877808 169
1725358435883 0.7627623081207275 170
1725358436639 0.7646358013153076 171
1725358437503 0.7252746224403381 172
1725358438339 0.696121096611023 173
1725358439150 0.7630392909049988 174
1725358440107 0.6629178524017334 175
1725358440976 0.782279372215271 176
1725358441902 0.7396809458732605 177
1725358442731 0.7622776627540588 178
1725358443678 0.6854694485664368 179
1725358444557 0.7851055860519409 180
1725358445327 0.7776507139205933 181
1725358446246 0.7229791879653931 182
1725358447115 0.7664874792098999 183
1725358447990 0.7179121971130371 184
1725358448894 0.7520448565483093 185
1725358449679 0.8229434490203857 186
1725358450426 0.8112632036209106 187
1725358451280 0.7699604630470276 188
1725358452081 0.8051349520683289 189
1725358452851 0.7269044518470764 190
1725358453721 0.8158458471298218 191
1725358454636 0.8408488631248474 192
1725358455443 0.8327499628067017 193
1725358456196 0.7860070466995239 194
1725358457038 0.7010703086853027 195
1725358457841 0.7879427671432495 196
1725358458600 0.7455720901489258 197
1725358459368 0.7075144648551941 198
1725358460193 0.7159748077392578 199
1725358460841 0.7863799929618835 200
1725358461669 0.8093210458755493 201
1725358462387 0.7919806241989136 202
