1725358297698 22.558347702026367 1
1725358298395 22.24667739868164 2
1725358299196 22.490259170532227 3
1725358299895 22.161136627197266 4
1725358300612 22.432153701782227 5
1725358301339 23.08519744873047 6
1725358302149 22.84503746032715 7
1725358303007 23.104331970214844 8
1725358303785 23.641799926757812 9
1725358304584 23.06684684753418 10
1725358305287 23.45949935913086 11
1725358306098 23.276538848876953 12
1725358306895 21.841583251953125 13
1725358307800 23.123706817626953 14
1725358308511 21.45775604248047 15
1725358309264 21.816518783569336 16
1725358310072 20.020809173583984 17
1725358310819 21.927749633789062 18
1725358311506 22.91419792175293 19
1725358312303 21.449756622314453 20
1725358313112 23.028444290161133 21
1725358313910 21.894514083862305 22
1725358314670 22.59255599975586 23
1725358315388 22.227705001831055 24
1725358316287 21.654582977294922 25
1725358317062 23.052095413208008 26
1725358317844 21.767898559570312 27
1725358318578 22.1699275970459 28
1725358319283 22.22357940673828 29
1725358320045 21.778207778930664 30
1725358320795 22.80101776123047 31
1725358321586 21.783367156982422 32
1725358322354 23.434093475341797 33
1725358323248 23.41179084777832 34
1725358324102 22.53803825378418 35
1725358325136 22.661849975585938 36
1725358326085 22.134906768798828 37
1725358327043 21.607927322387695 38
1725358327919 21.563764572143555 39
1725358328756 22.72949981689453 40
1725358329520 22.580842971801758 41
1725358330434 22.078964233398438 42
1725358331358 21.404800415039062 43
1725358332344 21.853546142578125 44
1725358333378 22.049158096313477 45
1725358334413 22.285673141479492 46
1725358335396 21.866758346557617 47
1725358336372 20.567750930786133 48
1725358337181 21.67995262145996 49
1725358338199 22.673734664916992 50
1725358339256 21.435245513916016 51
1725358340145 21.778682708740234 52
1725358340911 22.055706024169922 53
1725358341746 21.924259185791016 54
1725358342521 22.514455795288086 55
1725358343445 22.463659286499023 56
1725358344256 21.937774658203125 57
1725358345147 22.302583694458008 58
1725358346015 20.865997314453125 59
1725358346934 21.53938102722168 60
1725358347721 21.392351150512695 61
1725358348499 22.881919860839844 62
1725358349332 21.590639114379883 63
1725358350228 21.311798095703125 64
1725358351058 21.227325439453125 65
1725358351911 21.521055221557617 66
1725358352735 21.10872459411621 67
1725358353707 22.026607513427734 68
1725358354601 23.438613891601562 69
1725358355340 22.56852912902832 70
1725358356114 22.599960327148438 71
1725358356901 22.74506187438965 72
1725358357741 23.008975982666016 73
1725358358508 22.044740676879883 74
1725358359338 22.71530532836914 75
1725358360266 23.074262619018555 76
1725358361133 25.191179275512695 77
1725358361966 22.721729278564453 78
1725358362728 23.665096282958984 79
1725358363487 24.19716453552246 80
1725358364284 22.966291427612305 81
1725358365192 22.3138427734375 82
1725358365919 22.204233169555664 83
1725358366710 21.000640869140625 84
1725358367509 21.903032302856445 85
1725358368226 22.5972843170166 86
1725358368994 23.066953659057617 87
1725358369845 21.976518630981445 88
1725358370590 21.468460083007812 89
1725358371447 21.766183853149414 90
1725358372294 21.105422973632812 91
1725358373088 21.019474029541016 92
1725358373973 22.363298416137695 93
1725358374918 24.36933135986328 94
1725358375746 22.998125076293945 95
1725358376517 23.123550415039062 96
1725358377285 22.23592185974121 97
1725358377998 23.470556259155273 98
1725358378745 22.38920021057129 99
1725358379521 23.255279541015625 100
1725358380334 21.935331344604492 101
1725358381089 23.507150650024414 102
1725358381943 22.525985717773438 103
1725358382724 21.97939109802246 104
1725358383471 20.37154197692871 105
1725358384317 21.898582458496094 106
1725358385140 21.696704864501953 107
1725358386017 21.198036193847656 108
1725358386776 22.50027084350586 109
1725358387573 21.48138427734375 110
1725358388268 22.29102897644043 111
1725358389005 21.044607162475586 112
1725358389766 21.258480072021484 113
1725358390540 21.998231887817383 114
1725358391299 20.79063606262207 115
1725358392125 22.15515899658203 116
1725358392833 21.538122177124023 117
1725358393597 22.10268783569336 118
1725358394339 22.20673942565918 119
1725358395088 22.438434600830078 120
1725358395797 21.869314193725586 121
1725358396544 20.15561294555664 122
1725358397291 21.74346160888672 123
1725358398073 21.296722412109375 124
1725358398806 21.68389129638672 125
1725358399585 21.795475006103516 126
1725358400392 22.231182098388672 127
1725358401230 21.060684204101562 128
1725358402027 21.25982666015625 129
1725358402770 21.323867797851562 130
1725358403485 21.491716384887695 131
1725358404245 21.343482971191406 132
1725358404986 21.918363571166992 133
1725358405725 20.94355583190918 134
1725358406497 21.9543514251709 135
1725358407299 20.885889053344727 136
1725358408069 21.287477493286133 137
1725358408785 21.664207458496094 138
1725358409538 21.182308197021484 139
1725358410345 21.712505340576172 140
1725358411257 21.023399353027344 141
1725358412049 21.53725814819336 142
1725358412835 21.638473510742188 143
1725358413573 21.207117080688477 144
1725358414435 20.555803298950195 145
1725358415224 22.196949005126953 146
1725358416068 21.50788116455078 147
1725358416848 21.569337844848633 148
1725358417640 22.304420471191406 149
1725358418441 21.971027374267578 150
1725358419209 21.525737762451172 151
1725358419968 21.65685272216797 152
1725358420690 21.77578353881836 153
1725358421524 21.80811309814453 154
1725358422413 22.155393600463867 155
1725358423312 21.213760375976562 156
1725358424139 23.816246032714844 157
1725358424913 24.181325912475586 158
1725358425817 23.759780883789062 159
1725358426639 21.68465805053711 160
1725358427496 21.620485305786133 161
1725358428292 22.88410758972168 162
1725358429214 21.85797119140625 163
1725358430227 22.744916915893555 164
1725358431197 23.34622573852539 165
1725358432178 22.66217041015625 166
1725358433121 21.480636596679688 167
1725358434050 21.91822052001953 168
1725358434974 22.032899856567383 169
1725358435883 22.34296989440918 170
1725358436639 22.56787109375 171
1725358437503 22.019088745117188 172
1725358438339 21.909269332885742 173
1725358439150 22.350671768188477 174
1725358440107 21.59855842590332 175
1725358440976 22.286767959594727 176
1725358441902 22.026412963867188 177
1725358442731 22.524612426757812 178
1725358443678 21.843006134033203 179
1725358444557 23.11764144897461 180
1725358445327 22.69985580444336 181
1725358446246 21.252290725708008 182
1725358447115 22.33511734008789 183
1725358447990 21.532947540283203 184
1725358448894 22.437471389770508 185
1725358449679 22.675701141357422 186
1725358450426 23.382041931152344 187
1725358451280 22.966873168945312 188
1725358452081 23.482255935668945 189
1725358452851 21.76831817626953 190
1725358453721 24.214677810668945 191
1725358454636 24.262277603149414 192
1725358455443 23.95733642578125 193
1725358456196 22.856813430786133 194
1725358457038 22.601076126098633 195
1725358457841 22.837690353393555 196
1725358458600 22.423688888549805 197
1725358459368 22.029024124145508 198
1725358460193 21.82486343383789 199
1725358460841 22.859235763549805 200
1725358461669 23.119176864624023 201
1725358462387 22.579944610595703 202
