1725345349593 0.7771204710006714 1
1725345350287 0.7475281953811646 2
1725345351102 0.7331578135490417 3
1725345351798 0.7525154948234558 4
1725345352494 0.7468260526657104 5
1725345353191 0.8220843076705933 6
1725345353970 0.7905341386795044 7
1725345354818 0.8044607639312744 8
1725345355576 0.8240574598312378 9
1725345356337 0.7900664806365967 10
1725345357019 0.8268338441848755 11
1725345357846 0.7418159246444702 12
1725345358651 0.6907631158828735 13
1725345359548 0.7170445919036865 14
1725345360284 0.6738096475601196 15
1725345361065 0.682924747467041 16
1725345361864 0.6890571117401123 17
1725345362604 0.7344674468040466 18
1725345363295 0.7490715384483337 19
1725345364011 0.7208328247070312 20
1725345364848 0.7324981689453125 21
1725345365609 0.6852535605430603 22
1725345366328 0.7350990772247314 23
1725345367030 0.7161554098129272 24
1725345367897 0.734377384185791 25
1725345368632 0.7663242816925049 26
1725345369402 0.7023475170135498 27
1725345370090 0.7402880191802979 28
1725345370801 0.7171671390533447 29
1725345371561 0.7001491785049438 30
1725345372317 0.7433019876480103 31
1725345373025 0.6920084953308105 32
1725345373771 0.8051360249519348 33
1725345374602 0.7804831266403198 34
1725345375430 0.736137330532074 35
1725345376419 0.7774581909179688 36
1725345377361 0.6978883743286133 37
1725345378301 0.6992374658584595 38
1725345379174 0.7042051553726196 39
1725345379956 0.773174524307251 40
1725345380689 0.7756743431091309 41
1725345381552 0.7241789102554321 42
1725345382443 0.6641808152198792 43
1725345383417 0.6538925170898438 44
1725345384406 0.6443231701850891 45
1725345385394 0.7118154764175415 46
1725345386373 0.6909633278846741 47
1725345387354 0.5690826177597046 48
1725345388162 0.6257609128952026 49
1725345389173 0.7268712520599365 50
1725345390189 0.724698543548584 51
1725345391068 0.677395224571228 52
1725345391835 0.7134878635406494 53
1725345392655 0.6917669773101807 54
1725345393385 0.745912492275238 55
1725345394318 0.7122606635093689 56
1725345395126 0.6880366206169128 57
1725345395966 0.6536620855331421 58
1725345396819 0.6159895658493042 59
1725345397773 0.618960440158844 60
1725345398576 0.6540927886962891 61
1725345399338 0.7301943302154541 62
1725345400154 0.6362228393554688 63
1725345401042 0.6108723878860474 64
1725345401872 0.6517921686172485 65
1725345402668 0.6230159997940063 66
1725345403466 0.6716477274894714 67
1725345404334 0.7352124452590942 68
1725345405201 0.7923215627670288 69
1725345405909 0.7172755002975464 70
1725345406661 0.7197071313858032 71
1725345407406 0.688900351524353 72
1725345408195 0.73536616563797 73
1725345408909 0.7001079320907593 74
1725345409714 0.7316439151763916 75
1725345410605 0.7326537370681763 76
1725345411418 0.7722607254981995 77
1725345412231 0.7453664541244507 78
1725345412929 0.7506150007247925 79
1725345413615 0.7936176061630249 80
1725345414434 0.7363877296447754 81
1725345415303 0.6981251239776611 82
1725345416006 0.7312231063842773 83
1725345416791 0.6141700148582458 84
1725345417581 0.653539776802063 85
1725345418294 0.7249048352241516 86
1725345419036 0.7468694448471069 87
1725345419884 0.70530766248703 88
1725345420578 0.6652635335922241 89
1725345421438 0.6466159820556641 90
1725345422266 0.6780052185058594 91
1725345423081 0.7222853899002075 92
1725345423966 0.7087607383728027 93
1725345424917 0.7738243341445923 94
1725345425716 0.7261142134666443 95
1725345426475 0.7623658180236816 96
1725345427215 0.674261212348938 97
1725345427905 0.763962984085083 98
1725345428653 0.7183851003646851 99
1725345429416 0.7631515860557556 100
1725345430191 0.6902687549591064 101
1725345430927 0.7364139556884766 102
1725345431780 0.7834164500236511 103
1725345432517 0.7525143027305603 104
1725345433254 0.6506749391555786 105
1725345434103 0.6711298823356628 106
1725345434947 0.6877853274345398 107
1725345435830 0.6530992388725281 108
1725345436581 0.7294374704360962 109
1725345437336 0.6913997530937195 110
1725345438046 0.7174765467643738 111
1725345438778 0.6818691492080688 112
1725345439569 0.6404205560684204 113
1725345440327 0.695671558380127 114
1725345441124 0.6389414072036743 115
1725345441938 0.7155638337135315 116
1725345442649 0.6577938795089722 117
1725345443433 0.689130425453186 118
1725345444207 0.6644092202186584 119
1725345444951 0.6787254810333252 120
1725345445672 0.7082815170288086 121
1725345446471 0.5976425409317017 122
1725345447219 0.7243563532829285 123
1725345447991 0.6916541457176208 124
1725345448742 0.6838144063949585 125
1725345449514 0.647633969783783 126
1725345450342 0.7165031433105469 127
1725345451191 0.6556540727615356 128
1725345451965 0.678080141544342 129
1725345452723 0.6670666337013245 130
1725345453452 0.6748597621917725 131
1725345454223 0.6431301832199097 132
1725345454981 0.7023748159408569 133
1725345455748 0.6350291967391968 134
1725345456509 0.7066004276275635 135
1725345457336 0.6301194429397583 136
1725345458127 0.654136598110199 137
1725345458843 0.6814436912536621 138
1725345459587 0.655698299407959 139
1725345460402 0.6536136865615845 140
1725345461276 0.6185585260391235 141
1725345462069 0.6941497325897217 142
1725345462855 0.6466661691665649 143
1725345463573 0.6678284406661987 144
1725345464436 0.6204473376274109 145
1725345465244 0.7278852462768555 146
1725345466088 0.6808081865310669 147
1725345466875 0.6837998628616333 148
1725345467625 0.7138971090316772 149
1725345468387 0.6768879890441895 150
1725345469116 0.6493663191795349 151
1725345469860 0.6686164140701294 152
1725345470570 0.6281720399856567 153
1725345471411 0.7055848240852356 154
1725345472319 0.750289797782898 155
1725345473200 0.7046128511428833 156
1725345474060 0.826522707939148 157
1725345474790 0.8652211427688599 158
1725345475660 0.8134868144989014 159
1725345476405 0.7071881294250488 160
1725345477204 0.7254592180252075 161
1725345477981 0.7815432548522949 162
1725345478897 0.7243229150772095 163
1725345479809 0.7777650952339172 164
1725345480767 0.8081286549568176 165
1725345481721 0.7245004773139954 166
1725345482617 0.6956814527511597 167
1725345483495 0.7506484985351562 168
1725345484373 0.7413150072097778 169
1725345485244 0.765202522277832 170
1725345485999 0.7540015578269958 171
1725345486835 0.723325788974762 172
1725345487628 0.7093092799186707 173
1725345488410 0.7740480303764343 174
1725345489317 0.6568976640701294 175
1725345490182 0.7722430229187012 176
1725345491120 0.7257177233695984 177
1725345491945 0.7635324001312256 178
1725345492873 0.6957099437713623 179
1725345493746 0.7836991548538208 180
1725345494530 0.7697514295578003 181
1725345495389 0.724479079246521 182
1725345496243 0.7716996669769287 183
1725345497124 0.7138165831565857 184
1725345498042 0.7576225996017456 185
1725345498814 0.8388773202896118 186
1725345499580 0.8002513647079468 187
1725345500417 0.7689830660820007 188
1725345501247 0.8039470911026001 189
1725345502028 0.7234144806861877 190
1725345502944 0.8206044435501099 191
1725345503864 0.8439768552780151 192
1725345504725 0.8273684978485107 193
1725345505478 0.7962950468063354 194
1725345506330 0.7021260857582092 195
1725345507152 0.7689423561096191 196
1725345507915 0.7374522686004639 197
1725345508670 0.7101221680641174 198
1725345509461 0.7231703996658325 199
1725345510107 0.7961984872817993 200
1725345510940 0.8073641061782837 201
1725345511654 0.7879342436790466 202
