1725345349593 0.005363798700273037 1
1725345350287 0.005819573532789946 2
1725345351102 0.0062335035763680935 3
1725345351798 0.005683485418558121 4
1725345352494 0.005608594045042992 5
1725345353191 0.004918048158288002 6
1725345353970 0.004883144982159138 7
1725345354818 0.004840758629143238 8
1725345355576 0.00445069745182991 9
1725345356337 0.0044893529266119 10
1725345357019 0.00425383448600769 11
1725345357846 0.004979368299245834 12
1725345358651 0.006817677523940802 13
1725345359548 0.0048248800449073315 14
1725345360284 0.008003844879567623 15
1725345361065 0.007772998418658972 16
1725345361864 0.00910067930817604 17
1725345362604 0.0063156201504170895 18
1725345363295 0.0049616931937634945 19
1725345364011 0.006648063659667969 20
1725345364848 0.005543035455048084 21
1725345365609 0.0061600725166499615 22
1725345366328 0.005528995767235756 23
1725345367030 0.0061957696452736855 24
1725345367897 0.00619466882199049 25
1725345368632 0.00494082598015666 26
1725345369402 0.006414998322725296 27
1725345370090 0.005762970075011253 28
1725345370801 0.006086282432079315 29
1725345371561 0.007196546532213688 30
1725345372317 0.005235719494521618 31
1725345373025 0.006712288595736027 32
1725345373771 0.0046709696762263775 33
1725345374602 0.004759136587381363 34
1725345375430 0.005786017514765263 35
1725345376419 0.005285589024424553 36
1725345377361 0.006666210480034351 37
1725345378301 0.007087160833179951 38
1725345379174 0.006961067672818899 39
1725345379956 0.0053244284354150295 40
1725345380689 0.0050781043246388435 41
1725345381552 0.0059390077367424965 42
1725345382443 0.006400714628398418 43
1725345383417 0.007090202998369932 44
1725345384406 0.006153690628707409 45
1725345385394 0.005953004118055105 46
1725345386373 0.006346052046865225 47
1725345387354 0.008195328526198864 48
1725345388162 0.007116937544196844 49
1725345389173 0.005561491008847952 50
1725345390189 0.006273900158703327 51
1725345391068 0.006535758264362812 52
1725345391835 0.006463231518864632 53
1725345392655 0.006279653869569302 54
1725345393385 0.005497675389051437 55
1725345394318 0.0058520277962088585 56
1725345395126 0.0062054479494690895 57
1725345395966 0.0067094555124640465 58
1725345396819 0.0077980151399970055 59
1725345397773 0.007224014960229397 60
1725345398576 0.0077695949003100395 61
1725345399338 0.005560394376516342 62
1725345400154 0.00851135328412056 63
1725345401042 0.007867601700127125 64
1725345401872 0.00689286645501852 65
1725345402668 0.0068047745153307915 66
1725345403466 0.007821585051715374 67
1725345404334 0.005543866660445929 68
1725345405201 0.0046911658719182014 69
1725345405909 0.005459954030811787 70
1725345406661 0.005375617183744907 71
1725345407406 0.00526342261582613 72
1725345408195 0.004780067130923271 73
1725345408909 0.006150132976472378 74
1725345409714 0.005688915960490704 75
1725345410605 0.005123124923557043 76
1725345411418 0.002924364060163498 77
1725345412231 0.005734849255532026 78
1725345412929 0.004487878642976284 79
1725345413615 0.0035171303898096085 80
1725345414434 0.005626044701784849 81
1725345415303 0.006004252936691046 82
1725345416006 0.0056568048894405365 83
1725345416791 0.008841186761856079 84
1725345417581 0.007316728122532368 85
1725345418294 0.0055533889681100845 86
1725345419036 0.004542029928416014 87
1725345419884 0.005922944750636816 88
1725345420578 0.007683509960770607 89
1725345421438 0.007855487056076527 90
1725345422266 0.007006858941167593 91
1725345423081 0.007291009183973074 92
1725345423966 0.005407281219959259 93
1725345424917 0.0035833052825182676 94
1725345425716 0.00471124704927206 95
1725345426475 0.004815725143998861 96
1725345427215 0.005989917553961277 97
1725345427905 0.0042841071262955666 98
1725345428653 0.006094114389270544 99
1725345429416 0.004580950364470482 100
1725345430191 0.006331644952297211 101
1725345430927 0.004452135879546404 102
1725345431780 0.0049092392437160015 103
1725345432517 0.005366794299334288 104
1725345433254 0.008882958441972733 105
1725345434103 0.00651175482198596 106
1725345434947 0.006972146686166525 107
1725345435830 0.007879771292209625 108
1725345436581 0.006249858997762203 109
1725345437336 0.006620997097343206 110
1725345438046 0.006591114215552807 111
1725345438778 0.006853246595710516 112
1725345439569 0.007725701667368412 113
1725345440327 0.006262998562306166 114
1725345441124 0.009072864428162575 115
1725345441938 0.006326882168650627 116
1725345442649 0.007786169648170471 117
1725345443433 0.00654721911996603 118
1725345444207 0.006478994153439999 119
1725345444951 0.00567494984716177 120
1725345445672 0.006229061633348465 121
1725345446471 0.011344707570970058 122
1725345447219 0.006048301234841347 123
1725345447991 0.006643425207585096 124
1725345448742 0.006529498845338821 125
1725345449514 0.006769492290914059 126
1725345450342 0.0055834143422544 127
1725345451191 0.007818592712283134 128
1725345451965 0.007396581582725048 129
1725345452723 0.0071913739666342735 130
1725345453452 0.006714880000799894 131
1725345454223 0.0075922938995063305 132
1725345454981 0.005962101276963949 133
1725345455748 0.00851655937731266 134
1725345456509 0.006541088223457336 135
1725345457336 0.007835283875465393 136
1725345458127 0.007614300586283207 137
1725345458843 0.006618076469749212 138
1725345459587 0.007185673341155052 139
1725345460402 0.006712309084832668 140
1725345461276 0.007365143857896328 141
1725345462069 0.007551898714154959 142
1725345462855 0.00717359222471714 143
1725345463573 0.007913662120699883 144
1725345464436 0.008825808763504028 145
1725345465244 0.006223682314157486 146
1725345466088 0.0072778454050421715 147
1725345466875 0.007704352028667927 148
1725345467625 0.005758799612522125 149
1725345468387 0.006271518766880035 150
1725345469116 0.007566994056105614 151
1725345469860 0.006945610046386719 152
1725345470570 0.00678363349288702 153
1725345471411 0.006408355664461851 154
1725345472319 0.005998906679451466 155
1725345473200 0.007571086287498474 156
1725345474060 0.004176488146185875 157
1725345474790 0.0036703776568174362 158
1725345475660 0.004097925499081612 159
1725345476405 0.005857273004949093 160
1725345477204 0.0060507869347929955 161
1725345477981 0.004791276063770056 162
1725345478897 0.006592863705009222 163
1725345479809 0.0049262698739767075 164
1725345480767 0.004949057474732399 165
1725345481721 0.005727778188884258 166
1725345482617 0.006417892873287201 167
1725345483495 0.00601225858554244 168
1725345484373 0.005800265818834305 169
1725345485244 0.005766592919826508 170
1725345485999 0.005612227134406567 171
1725345486835 0.006117381155490875 172
1725345487628 0.006117955781519413 173
1725345488410 0.0054973941296339035 174
1725345489317 0.007129453122615814 175
1725345490182 0.006230001803487539 176
1725345491120 0.006642802618443966 177
1725345491945 0.005428544245660305 178
1725345492873 0.006154013331979513 179
1725345493746 0.00490655517205596 180
1725345494530 0.005548225250095129 181
1725345495389 0.00776824913918972 182
1725345496243 0.006276009604334831 183
1725345497124 0.007139628287404776 184
1725345498042 0.005403961520642042 185
1725345498814 0.0045699868351221085 186
1725345499580 0.0048570409417152405 187
1725345500417 0.005113337188959122 188
1725345501247 0.004657207988202572 189
1725345502028 0.006669041700661182 190
1725345502944 0.003692307975143194 191
1725345503864 0.0037033080589026213 192
1725345504725 0.004233435727655888 193
1725345505478 0.00484782038256526 194
1725345506330 0.0053808316588401794 195
1725345507152 0.0056588551960885525 196
1725345507915 0.006146579515188932 197
1725345508670 0.00619102967903018 198
1725345509461 0.00612229760736227 199
1725345510107 0.004823155701160431 200
1725345510940 0.004996017552912235 201
1725345511654 0.005607605911791325 202
