1725345349593 22.70527458190918 1
1725345350287 22.35108757019043 2
1725345351102 22.052677154541016 3
1725345351798 22.4538516998291 4
1725345352494 22.511459350585938 5
1725345353191 23.08207130432129 6
1725345353970 23.11300277709961 7
1725345354818 23.150863647460938 8
1725345355576 23.515718460083008 9
1725345356337 23.47816276550293 10
1725345357019 23.712194442749023 11
1725345357846 23.028255462646484 12
1725345358651 21.66363525390625 13
1725345359548 23.16513442993164 14
1725345360284 20.967012405395508 15
1725345361065 21.094114303588867 16
1725345361864 20.409259796142578 17
1725345362604 21.995838165283203 18
1725345363295 23.043701171875 19
1725345364011 21.773046493530273 20
1725345364848 22.562522888183594 21
1725345365609 22.104141235351562 22
1725345366328 22.573535919189453 23
1725345367030 22.07904624938965 24
1725345367897 22.079818725585938 25
1725345368632 23.062002182006836 26
1725345369402 21.92803382873535 27
1725345370090 22.393535614013672 28
1725345370801 22.156478881835938 29
1725345371561 21.42875862121582 30
1725345372317 22.81023597717285 31
1725345373025 21.731292724609375 32
1725345373771 23.30592918395996 33
1725345374602 23.22471809387207 34
1725345375430 22.376203536987305 35
1725345376419 22.76906394958496 36
1725345377361 21.76120948791504 37
1725345378301 21.495275497436523 38
1725345379174 21.573240280151367 39
1725345379956 22.737268447875977 40
1725345380689 22.942983627319336 41
1725345381552 22.262859344482422 42
1725345382443 21.937715530395508 43
1725345383417 21.493412017822266 44
1725345384406 22.108642578125 45
1725345385394 22.25263786315918 46
1725345386373 21.97496223449707 47
1725345387354 20.864336013793945 48
1725345388162 21.477067947387695 49
1725345389173 22.548086166381836 50
1725345390189 22.02462387084961 51
1725345391068 21.8470401763916 52
1725345391835 21.8955020904541 53
1725345392655 22.020641326904297 54
1725345393385 22.598209381103516 55
1725345394318 22.326936721801758 56
1725345395126 22.072267532348633 57
1725345395966 21.73312759399414 58
1725345396819 21.080158233642578 59
1725345397773 21.412214279174805 60
1725345398576 21.09601593017578 61
1725345399338 22.54894256591797 62
1725345400154 20.700014114379883 63
1725345401042 21.041576385498047 64
1725345401872 21.61600112915039 65
1725345402668 21.67186164855957 66
1725345403466 21.067052841186523 67
1725345404334 22.561870574951172 68
1725345405201 23.28719139099121 69
1725345405909 22.628110885620117 70
1725345406661 22.695716857910156 71
1725345407406 22.787317276000977 72
1725345408195 23.205659866333008 73
1725345408909 22.111154556274414 74
1725345409714 22.449705123901367 75
1725345410605 22.90464973449707 76
1725345411418 25.339683532714844 77
1725345412231 22.414779663085938 78
1725345412929 23.479589462280273 79
1725345413615 24.538114547729492 80
1725345414434 22.497966766357422 81
1725345415303 22.215410232543945 82
1725345416006 22.474287033081055 83
1725345416791 20.534893035888672 84
1725345417581 21.356830596923828 85
1725345418294 22.554418563842773 86
1725345419036 23.42749786376953 87
1725345419884 22.274621963500977 88
1725345420578 21.1444034576416 89
1725345421438 21.048267364501953 90
1725345422266 21.54476547241211 91
1725345423081 21.37212371826172 92
1725345423966 22.670209884643555 93
1725345424917 24.45716094970703 94
1725345425716 23.268640518188477 95
1725345426475 23.173383712768555 96
1725345427215 22.22579002380371 97
1725345427905 23.681396484375 98
1725345428653 22.150894165039062 99
1725345429416 23.390443801879883 100
1725345430191 21.984834671020508 101
1725345430927 23.514314651489258 102
1725345431780 23.089855194091797 103
1725345432517 22.702850341796875 104
1725345433254 20.514423370361328 105
1725345434103 21.863018035888672 106
1725345434947 21.566333770751953 107
1725345435830 21.034862518310547 108
1725345436581 22.041296005249023 109
1725345437336 21.7907657623291 110
1725345438046 21.810409545898438 111
1725345438778 21.641035079956055 112
1725345439569 21.12061882019043 113
1725345440327 22.032176971435547 114
1725345441124 20.422555923461914 115
1725345441938 21.988101959228516 116
1725345442649 21.086761474609375 117
1725345443433 21.839431762695312 118
1725345444207 21.884923934936523 119
1725345444951 22.46038055419922 120
1725345445672 22.055770874023438 121
1725345446471 19.45206642150879 122
1725345447219 22.183664321899414 123
1725345447991 21.776079177856445 124
1725345448742 21.851200103759766 125
1725345449514 21.694438934326172 126
1725345450342 22.5310001373291 127
1725345451191 21.06871223449707 128
1725345451965 21.309688568115234 129
1725345452723 21.431880950927734 130
1725345453452 21.729616165161133 131
1725345454223 21.19626808166504 132
1725345454981 22.246004104614258 133
1725345455748 20.697357177734375 134
1725345456509 21.84349822998047 135
1725345457336 21.059452056884766 136
1725345458127 21.183698654174805 137
1725345458843 21.792680740356445 138
1725345459587 21.43532371520996 139
1725345460402 21.731279373168945 140
1725345461276 21.328187942504883 141
1725345462069 21.219436645507812 142
1725345462855 21.4426326751709 143
1725345463573 21.016223907470703 144
1725345464436 20.542455673217773 145
1725345465244 22.059524536132812 146
1725345466088 21.379972457885742 147
1725345466875 21.132638931274414 148
1725345467625 22.396678924560547 149
1725345468387 22.02627182006836 150
1725345469116 21.210763931274414 151
1725345469860 21.582895278930664 152
1725345470570 21.685375213623047 153
1725345471411 21.932533264160156 154
1725345472319 22.21927833557129 155
1725345473200 21.208415985107422 156
1725345474060 23.791885375976562 157
1725345474790 24.352890014648438 158
1725345475660 23.874359130859375 159
1725345476405 22.32304573059082 160
1725345477204 22.1818790435791 161
1725345477981 23.19548797607422 162
1725345478897 21.80925941467285 163
1725345479809 23.074817657470703 164
1725345480767 23.054773330688477 165
1725345481721 22.42013931274414 166
1725345482617 21.926074981689453 167
1725345483495 22.209623336791992 168
1725345484373 22.36551856994629 169
1725345485244 22.390806198120117 170
1725345485999 22.508647918701172 171
1725345486835 22.134342193603516 172
1725345487628 22.13393783569336 173
1725345488410 22.598430633544922 174
1725345489317 21.469436645507812 175
1725345490182 22.055116653442383 176
1725345491120 21.776485443115234 177
1725345491945 22.653165817260742 178
1725345492873 22.108415603637695 179
1725345493746 23.09223175048828 180
1725345494530 22.55845832824707 181
1725345495389 21.09676742553711 182
1725345496243 22.023162841796875 183
1725345497124 21.46324348449707 184
1725345498042 22.672876358032227 185
1725345498814 23.400850296020508 186
1725345499580 23.136281967163086 187
1725345500417 22.91295623779297 188
1725345501247 23.318742752075195 189
1725345502028 21.75936508178711 190
1725345502944 24.3270206451416 191
1725345503864 24.31410026550293 192
1725345504725 23.733070373535156 193
1725345505478 23.144533157348633 194
1725345506330 22.691503524780273 195
1725345507152 22.472713470458984 196
1725345507915 22.113662719726562 197
1725345508670 22.08237075805664 198
1725345509461 22.130855560302734 199
1725345510107 23.166685104370117 200
1725345510940 23.01375961303711 201
1725345511654 22.512224197387695 202
