1725353315172 22.618209838867188 1
1725353315889 22.20437240600586 2
1725353316719 22.176218032836914 3
1725353317443 22.176435470581055 4
1725353318172 22.351367950439453 5
1725353318927 23.16502571105957 6
1725353319765 23.01628875732422 7
1725353320676 23.12970542907715 8
1725353321498 23.551532745361328 9
1725353322374 23.40639877319336 10
1725353323086 23.69562530517578 11
1725353323956 23.27897071838379 12
1725353324788 21.741525650024414 13
1725353325697 23.409135818481445 14
1725353326453 20.9743595123291 15
1725353327227 21.786802291870117 16
1725353328037 20.512643814086914 17
1725353328796 21.784433364868164 18
1725353329497 22.647539138793945 19
1725353330231 22.130184173583984 20
1725353331036 23.11954689025879 21
1725353331835 21.73179054260254 22
1725353332533 22.657804489135742 23
1725353333223 22.335588455200195 24
1725353334103 22.2442626953125 25
1725353334871 22.8186092376709 26
1725353335630 22.08348274230957 27
1725353336432 21.60015106201172 28
1725353337174 22.096187591552734 29
1725353337982 21.507919311523438 30
1725353338757 22.730512619018555 31
1725353339560 21.62106704711914 32
1725353340328 23.31161880493164 33
1725353341230 23.29029655456543 34
1725353342077 22.40283203125 35
1725353343163 22.761985778808594 36
1725353344093 22.132524490356445 37
1725353345086 21.187040328979492 38
1725353345990 21.606075286865234 39
1725353346813 22.775897979736328 40
1725353347583 22.651948928833008 41
1725353348522 21.72099494934082 42
1725353349487 21.36849594116211 43
1725353350499 22.055723190307617 44
1725353351564 22.296945571899414 45
1725353352570 22.509349822998047 46
1725353353531 21.924406051635742 47
1725353354497 20.63359832763672 48
1725353355293 21.52450942993164 49
1725353356294 22.640682220458984 50
1725353357329 21.907718658447266 51
1725353358217 21.811185836791992 52
1725353358963 22.096982955932617 53
1725353359742 22.325603485107422 54
1725353360493 22.49517822265625 55
1725353361405 22.434776306152344 56
1725353362216 21.994619369506836 57
1725353363054 22.05286407470703 58
1725353363903 20.867401123046875 59
1725353364851 21.275108337402344 60
1725353365643 20.99557113647461 61
1725353366410 22.4423770904541 62
1725353367249 20.884679794311523 63
1725353368115 21.175413131713867 64
1725353368915 21.388694763183594 65
1725353369749 21.789953231811523 66
1725353370578 21.323772430419922 67
1725353371470 22.648469924926758 68
1725353372325 23.345056533813477 69
1725353373032 23.199216842651367 70
1725353373782 22.888187408447266 71
1725353374521 22.61785316467285 72
1725353375327 22.77238655090332 73
1725353376043 22.092369079589844 74
1725353376825 22.670055389404297 75
1725353377697 22.93729019165039 76
1725353378527 25.145414352416992 77
1725353379351 22.478700637817383 78
1725353380068 23.506471633911133 79
1725353380770 24.2560977935791 80
1725353381569 22.881607055664062 81
1725353382440 22.504045486450195 82
1725353383171 22.164134979248047 83
1725353383958 20.59571647644043 84
1725353384728 21.708866119384766 85
1725353385444 22.456356048583984 86
1725353386172 23.499588012695312 87
1725353387009 22.123281478881836 88
1725353387710 21.44953727722168 89
1725353388575 21.524045944213867 90
1725353389415 21.275632858276367 91
1725353390229 21.097332000732422 92
1725353391091 22.475278854370117 93
1725353392023 24.456363677978516 94
1725353392822 23.2208251953125 95
1725353393573 23.263874053955078 96
1725353394331 22.35319709777832 97
1725353395031 23.576213836669922 98
1725353395823 21.630489349365234 99
1725353396617 23.28439712524414 100
1725353397414 22.063650131225586 101
1725353398164 23.569156646728516 102
1725353399050 22.29256248474121 103
1725353399789 22.729206085205078 104
1725353400513 20.846555709838867 105
1725353401382 21.597614288330078 106
1725353402231 21.10295295715332 107
1725353403123 20.951494216918945 108
1725353403881 22.08666229248047 109
1725353404654 21.992483139038086 110
1725353405358 22.010112762451172 111
1725353406110 21.636695861816406 112
1725353406880 21.415929794311523 113
1725353407678 22.171342849731445 114
1725353408478 20.67667579650879 115
1725353409262 22.14040184020996 116
1725353409948 21.555307388305664 117
1725353410709 22.15438461303711 118
1725353411488 22.098867416381836 119
1725353412221 22.534955978393555 120
1725353412946 21.919708251953125 121
1725353413760 19.2325382232666 122
1725353414551 21.577495574951172 123
1725353415345 21.55757713317871 124
1725353416117 21.513477325439453 125
1725353416895 21.640567779541016 126
1725353417755 22.743507385253906 127
1725353418623 21.207759857177734 128
1725353419424 20.96393394470215 129
1725353420187 21.173446655273438 130
1725353420949 21.409114837646484 131
1725353421726 21.289426803588867 132
1725353422543 21.40350341796875 133
1725353423320 21.007068634033203 134
1725353424124 21.851524353027344 135
1725353424941 20.971574783325195 136
1725353425732 20.9189510345459 137
1725353426449 21.488704681396484 138
1725353427202 21.466794967651367 139
1725353428058 21.68199348449707 140
1725353428950 21.438217163085938 141
1725353429748 21.45362663269043 142
1725353430525 21.692928314208984 143
1725353431252 21.418859481811523 144
1725353432076 20.856189727783203 145
1725353432848 21.986238479614258 146
1725353433707 21.432601928710938 147
1725353434483 21.685535430908203 148
1725353435256 22.649412155151367 149
1725353436048 21.692039489746094 150
1725353436781 21.09671974182129 151
1725353437556 21.422765731811523 152
1725353438261 21.537588119506836 153
1725353439090 21.674427032470703 154
1725353439989 22.007801055908203 155
1725353440921 21.240385055541992 156
1725353441762 23.815448760986328 157
1725353442550 24.42986297607422 158
1725353443453 23.538175582885742 159
1725353444242 22.290117263793945 160
1725353445121 21.87885284423828 161
1725353445935 23.18064308166504 162
1725353446862 21.607276916503906 163
1725353447829 23.04569435119629 164
1725353448829 23.078014373779297 165
1725353449822 22.339319229125977 166
1725353450732 21.866403579711914 167
1725353451637 22.218828201293945 168
1725353452531 22.13390350341797 169
1725353453431 22.739145278930664 170
1725353454205 22.544124603271484 171
1725353455087 22.060224533081055 172
1725353455931 21.76429557800293 173
1725353456710 22.54872703552246 174
1725353457645 21.589540481567383 175
1725353458500 22.19443130493164 176
1725353459409 21.94412612915039 177
1725353460277 22.760986328125 178
1725353461217 22.126672744750977 179
1725353462139 23.150407791137695 180
1725353462932 22.533748626708984 181
1725353463844 21.419536590576172 182
1725353464718 22.199003219604492 183
1725353465602 21.680051803588867 184
1725353466505 22.75583267211914 185
1725353467298 23.19239616394043 186
1725353468056 23.320966720581055 187
1725353468896 22.837604522705078 188
1725353469686 23.61615562438965 189
1725353470432 21.706327438354492 190
1725353471313 24.279766082763672 191
1725353472204 24.280649185180664 192
1725353473021 23.678552627563477 193
1725353473755 23.090072631835938 194
1725353474593 22.290081024169922 195
1725353475406 22.757793426513672 196
1725353476211 22.0787296295166 197
1725353476992 21.8685245513916 198
1725353477824 22.04938316345215 199
1725353478501 23.10135269165039 200
1725353479342 23.169391632080078 201
1725353480058 22.635499954223633 202
