1725353315172 0.005472414195537567 1
1725353315889 0.0060195317491889 2
1725353316719 0.006058681756258011 3
1725353317443 0.006058377679437399 4
1725353318172 0.005819197744131088 5
1725353318927 0.004825000651180744 6
1725353319765 0.004993108566850424 7
1725353320676 0.004864401184022427 8
1725353321498 0.004414144903421402 9
1725353322374 0.0045641520991921425 10
1725353323086 0.004270094446837902 11
1725353323956 0.004700055345892906 12
1725353324788 0.00669648963958025 13
1725353325697 0.004561275243759155 14
1725353326453 0.00799031462520361 15
1725353327227 0.00662704324349761 16
1725353328037 0.008886601775884628 17
1725353328796 0.006630659103393555 18
1725353329497 0.0054355813190341 19
1725353330231 0.00612324383109808 20
1725353331036 0.0048757921904325485 21
1725353331835 0.00671151839196682 22
1725353332533 0.005422746762633324 23
1725353333223 0.005840378813445568 24
1725353334103 0.005964494310319424 25
1725353334871 0.005225636065006256 26
1725353335630 0.006189444568008184 27
1725353336432 0.006918064784258604 28
1725353337174 0.006171364337205887 29
1725353337982 0.007066558580845594 30
1725353338757 0.005332718603312969 31
1725353339560 0.006884829141199589 32
1725353340328 0.004664854146540165 33
1725353341230 0.004687812179327011 34
1725353342077 0.005750646349042654 35
1725353343163 0.005294210277497768 36
1725353344093 0.006119944155216217 37
1725353345086 0.007608442567288876 38
1725353345990 0.006908639799803495 39
1725353346813 0.005277277901768684 40
1725353347583 0.005430066492408514 41
1725353348522 0.006728223524987698 42
1725353349487 0.0072971004992723465 43
1725353350499 0.006229132413864136 44
1725353351564 0.005892578512430191 45
1725353352570 0.005611320026218891 46
1725353353531 0.006420359946787357 47
1725353354497 0.008642513304948807 48
1725353355293 0.0070396168157458305 49
1725353356294 0.005444170441478491 50
1725353357329 0.006445075385272503 51
1725353358217 0.006589935626834631 52
1725353358963 0.006170233245939016 53
1725353359742 0.005853824317455292 54
1725353360493 0.0056296586990356445 55
1725353361405 0.005708504468202591 56
1725353362216 0.006317393854260445 57
1725353363054 0.0062332358211278915 58
1725353363903 0.008189546875655651 59
1725353364851 0.007455711718648672 60
1725353365643 0.007951386272907257 61
1725353366410 0.005698520690202713 62
1725353367249 0.008157026953995228 63
1725353368115 0.007628842256963253 64
1725353368915 0.007263241335749626 65
1725353369749 0.006622233893722296 66
1725353370578 0.007372632622718811 67
1725353371470 0.0054344176314771175 68
1725353372325 0.004629076458513737 69
1725353373032 0.004787163808941841 70
1725353373782 0.005142580717802048 71
1725353374521 0.005472864024341106 72
1725353375327 0.005281548015773296 73
1725353376043 0.006176793482154608 74
1725353376825 0.0054074740037322044 75
1725353377697 0.0050847637467086315 76
1725353378527 0.003058146685361862 77
1725353379351 0.005651058163493872 78
1725353380068 0.004460183437913656 79
1725353380770 0.003753100987523794 80
1725353381569 0.005150378681719303 81
1725353382440 0.005618175026029348 82
1725353383171 0.006075561046600342 83
1725353383958 0.008718229830265045 84
1725353384728 0.006747040897607803 85
1725353385444 0.005680208094418049 86
1725353386172 0.004467259161174297 87
1725353387009 0.0061329808086156845 88
1725353387710 0.007162194699048996 89
1725353388575 0.007040367927402258 90
1725353389415 0.007454810664057732 91
1725353390229 0.007767238654196262 92
1725353391091 0.005655513145029545 93
1725353392023 0.003583962097764015 94
1725353392822 0.004763403441756964 95
1725353393573 0.004716420080512762 96
1725353394331 0.005816747900098562 97
1725353395031 0.0043891314417123795 98
1725353395823 0.006869908422231674 99
1725353396617 0.004694187082350254 100
1725353397414 0.006217774003744125 101
1725353398164 0.00439626956358552 102
1725353399050 0.005898528732359409 103
1725353399789 0.005334322806447744 104
1725353400513 0.008228948339819908 105
1725353401382 0.006922109983861446 106
1725353402231 0.007757192477583885 107
1725353403123 0.008032492361962795 108
1725353403881 0.006184913218021393 109
1725353404654 0.006320502609014511 110
1725353405358 0.006294897757470608 111
1725353406110 0.006860097870230675 112
1725353406880 0.007217831909656525 113
1725353407678 0.0060654859989881516 114
1725353408478 0.008557213470339775 115
1725353409262 0.006108851637691259 116
1725353409948 0.006989871617406607 117
1725353410709 0.0060892170295119286 118
1725353411488 0.006167558487504721 119
1725353412221 0.005578331649303436 120
1725353412946 0.006427306681871414 121
1725353413760 0.01193290390074253 122
1725353414551 0.006954248528927565 123
1725353415345 0.006986219435930252 124
1725353416117 0.007057521026581526 125
1725353416895 0.006853984668850899 126
1725353417755 0.005316784139722586 127
1725353418623 0.0075722308829426765 128
1725353419424 0.008009521290659904 129
1725353420187 0.007632294204086065 130
1725353420949 0.007229168899357319 131
1725353421726 0.007431169506162405 132
1725353422543 0.0072385165840387344 133
1725353423320 0.007930364459753036 134
1725353424124 0.006529012229293585 135
1725353424941 0.007995443418622017 136
1725353425732 0.008092912845313549 137
1725353426449 0.00709789153188467 138
1725353427202 0.007133792154490948 139
1725353428058 0.006788920145481825 140
1725353428950 0.007180887274444103 141
1725353429748 0.007155456580221653 142
1725353430525 0.006771846674382687 143
1725353431252 0.007212968543171883 144
1725353432076 0.008210714906454086 145
1725353432848 0.0063295988366007805 146
1725353433707 0.007190179079771042 147
1725353434483 0.006783383898437023 148
1725353435256 0.005433238111436367 149
1725353436048 0.0067732324823737144 150
1725353436781 0.007768336683511734 151
1725353437556 0.007206480950117111 152
1725353438261 0.007018448784947395 153
1725353439090 0.006800754927098751 154
1725353439989 0.006298246793448925 155
1725353440921 0.007515562232583761 156
1725353441762 0.004153892397880554 157
1725353442550 0.00360589986667037 158
1725353443453 0.004427740816026926 159
1725353444242 0.005901852156966925 160
1725353445121 0.006488058250397444 161
1725353445935 0.004807678982615471 162
1725353446862 0.006906725466251373 163
1725353447829 0.004959415178745985 164
1725353448829 0.004922643303871155 165
1725353449822 0.005835366435348988 166
1725353450732 0.006506680510938168 167
1725353451637 0.005999527405947447 168
1725353452531 0.006118000950664282 169
1725353453431 0.005322129465639591 170
1725353454205 0.005566568113863468 171
1725353455087 0.006222681608051062 172
1725353455931 0.006661473773419857 173
1725353456710 0.005560670047998428 174
1725353457645 0.006934989243745804 175
1725353458500 0.006033324636518955 176
1725353459409 0.0063912696205079556 177
1725353460277 0.00529542937874794 178
1725353461217 0.00612819567322731 179
1725353462139 0.004841267131268978 180
1725353462932 0.005579880904406309 181
1725353463844 0.007211844902485609 182
1725353464718 0.0060269772075116634 183
1725353465602 0.006791951134800911 184
1725353466505 0.005301720462739468 185
1725353467298 0.004794688895344734 186
1725353468056 0.004654824733734131 187
1725353468896 0.005202828906476498 188
1725353469686 0.004348949994891882 189
1725353470432 0.006750983651727438 190
1725353471313 0.003732701763510704 191
1725353472204 0.003731941804289818 192
1725353473021 0.004286912269890308 193
1725353473755 0.004908994771540165 194
1725353474593 0.005901900120079517 195
1725353475406 0.005299326032400131 196
1725353476211 0.006196223199367523 197
1725353476992 0.006503503303974867 198
1725353477824 0.006238233298063278 199
1725353478501 0.004896261729300022 200
1725353479342 0.004820150788873434 201
1725353480058 0.005450672470033169 202
