1725353315172 0.7725598812103271 1
1725353315889 0.7433062791824341 2
1725353316719 0.7366322875022888 3
1725353317443 0.7411399483680725 4
1725353318172 0.7345126867294312 5
1725353318927 0.8283519744873047 6
1725353319765 0.7896690368652344 7
1725353320676 0.8079508543014526 8
1725353321498 0.8213334083557129 9
1725353322374 0.7838826179504395 10
1725353323086 0.8247222900390625 11
1725353323956 0.746526837348938 12
1725353324788 0.691009521484375 13
1725353325697 0.7249002456665039 14
1725353326453 0.673410177230835 15
1725353327227 0.711284875869751 16
1725353328037 0.6992745399475098 17
1725353328796 0.7210265398025513 18
1725353329497 0.7269970178604126 19
1725353330231 0.7280362844467163 20
1725353331036 0.7637948989868164 21
1725353331835 0.6662592887878418 22
1725353332533 0.7466374635696411 23
1725353333223 0.7280740737915039 24
1725353334103 0.7421764135360718 25
1725353334871 0.751720130443573 26
1725353335630 0.7135675549507141 27
1725353336432 0.7077456712722778 28
1725353337174 0.7062034606933594 29
1725353337982 0.7029693126678467 30
1725353338757 0.7419262528419495 31
1725353339560 0.691334068775177 32
1725353340328 0.8004599809646606 33
1725353341230 0.7832070589065552 34
1725353342077 0.7368050813674927 35
1725353343163 0.7749311923980713 36
1725353344093 0.7148123979568481 37
1725353345086 0.6762943267822266 38
1725353345990 0.7040767669677734 39
1725353346813 0.7766690254211426 40
1725353347583 0.7611886858940125 41
1725353348522 0.7038683295249939 42
1725353349487 0.634665310382843 43
1725353350499 0.6725732088088989 44
1725353351564 0.6557413339614868 45
1725353352570 0.7211888432502747 46
1725353353531 0.6891043186187744 47
1725353354497 0.5564740300178528 48
1725353355293 0.6252299547195435 49
1725353356294 0.7249266505241394 50
1725353357329 0.7196176052093506 51
1725353358217 0.678203821182251 52
1725353358963 0.722771942615509 53
1725353359742 0.7010336518287659 54
1725353360493 0.7426881194114685 55
1725353361405 0.7182062268257141 56
1725353362216 0.6781436800956726 57
1725353363054 0.6656107902526855 58
1725353363903 0.6076023578643799 59
1725353364851 0.6171979904174805 60
1725353365643 0.6553225517272949 61
1725353366410 0.72945237159729 62
1725353367249 0.6370049715042114 63
1725353368115 0.6061290502548218 64
1725353368915 0.6432868838310242 65
1725353369749 0.6339953541755676 66
1725353370578 0.6764328479766846 67
1725353371470 0.7393780946731567 68
1725353372325 0.7957227230072021 69
1725353373032 0.7405701875686646 70
1725353373782 0.7286436557769775 71
1725353374521 0.681709885597229 72
1725353375327 0.716583788394928 73
1725353376043 0.696966826915741 74
1725353376825 0.7385469675064087 75
1725353377697 0.7352452874183655 76
1725353378527 0.7681170701980591 77
1725353379351 0.7541784644126892 78
1725353380068 0.7456920146942139 79
1725353380770 0.7848612070083618 80
1725353381569 0.7508152723312378 81
1725353382440 0.705459475517273 82
1725353383171 0.7139767408370972 83
1725353383958 0.6173515319824219 84
1725353384728 0.6721193790435791 85
1725353385444 0.7163748741149902 86
1725353386172 0.7460308074951172 87
1725353387009 0.6970224380493164 88
1725353387710 0.6708521842956543 89
1725353388575 0.6632428169250488 90
1725353389415 0.6702636480331421 91
1725353390229 0.7126222848892212 92
1725353391091 0.706467866897583 93
1725353392023 0.7713415026664734 94
1725353392822 0.7192872166633606 95
1725353393573 0.7656179666519165 96
1725353394331 0.6771835088729858 97
1725353395031 0.7616077065467834 98
1725353395823 0.6949945688247681 99
1725353396617 0.7616297006607056 100
1725353397414 0.6957743167877197 101
1725353398164 0.7395130395889282 102
1725353399050 0.7570410966873169 103
1725353399789 0.7541446685791016 104
1725353400513 0.6648732423782349 105
1725353401382 0.6610053777694702 106
1725353402231 0.6659648418426514 107
1725353403123 0.6583715677261353 108
1725353403881 0.7277075052261353 109
1725353404654 0.6889234781265259 110
1725353405358 0.7215200066566467 111
1725353406110 0.6812869310379028 112
1725353406880 0.6465691328048706 113
1725353407678 0.6912153959274292 114
1725353408478 0.657400369644165 115
1725353409262 0.7276055216789246 116
1725353409948 0.6790047883987427 117
1725353410709 0.7114346623420715 118
1725353411488 0.6772254705429077 119
1725353412221 0.6770105957984924 120
1725353412946 0.6969266533851624 121
1725353413760 0.5878947973251343 122
1725353414551 0.6983075141906738 123
1725353415345 0.6784482002258301 124
1725353416117 0.6734010577201843 125
1725353416895 0.6465481519699097 126
1725353417755 0.7215173244476318 127
1725353418623 0.6633448600769043 128
1725353419424 0.6600582599639893 129
1725353420187 0.6654926538467407 130
1725353420949 0.6608433127403259 131
1725353421726 0.6417027115821838 132
1725353422543 0.6741983890533447 133
1725353423320 0.6429224014282227 134
1725353424124 0.7054879665374756 135
1725353424941 0.6258560419082642 136
1725353425732 0.638634979724884 137
1725353426449 0.6697684526443481 138
1725353427202 0.6517089009284973 139
1725353428058 0.6528275012969971 140
1725353428950 0.6235435605049133 141
1725353429748 0.7043800354003906 142
1725353430525 0.6607163548469543 143
1725353431252 0.6830399036407471 144
1725353432076 0.6292904615402222 145
1725353432848 0.7209221720695496 146
1725353433707 0.6778661608695984 147
1725353434483 0.7074201107025146 148
1725353435256 0.7213115692138672 149
1725353436048 0.6713435649871826 150
1725353436781 0.639783501625061 151
1725353437556 0.6537507772445679 152
1725353438261 0.6166630983352661 153
1725353439090 0.6922292113304138 154
1725353439989 0.7470537424087524 155
1725353440921 0.7082247734069824 156
1725353441762 0.8280465602874756 157
1725353442550 0.8656026721000671 158
1725353443453 0.8005072474479675 159
1725353444242 0.7053630948066711 160
1725353445121 0.7072207927703857 161
1725353445935 0.7781411409378052 162
1725353446862 0.7147576808929443 163
1725353447829 0.7728950381278992 164
1725353448829 0.8050974607467651 165
1725353449822 0.7201497554779053 166
1725353450732 0.6893942356109619 167
1725353451637 0.7496928572654724 168
1725353452531 0.7317228317260742 169
1725353453431 0.7830935120582581 170
1725353454205 0.7606713175773621 171
1725353455087 0.7264444828033447 172
1725353455931 0.6872340440750122 173
1725353456710 0.7692229747772217 174
1725353457645 0.6641396880149841 175
1725353458500 0.781730055809021 176
1725353459409 0.732772946357727 177
1725353460277 0.770944356918335 178
1725353461217 0.6931127309799194 179
1725353462139 0.7860778570175171 180
1725353462932 0.7712132930755615 181
1725353463844 0.7349995970726013 182
1725353464718 0.7659874558448792 183
1725353465602 0.7216273546218872 184
1725353466505 0.7645201683044434 185
1725353467298 0.8336278200149536 186
1725353468056 0.8028813004493713 187
1725353468896 0.7700238823890686 188
1725353469686 0.8100513815879822 189
1725353470432 0.7257004380226135 190
1725353471313 0.8131152987480164 191
1725353472204 0.8443722724914551 192
1725353473021 0.8238049745559692 193
1725353473755 0.7949334383010864 194
1725353474593 0.6859215497970581 195
1725353475406 0.7834392189979553 196
1725353476211 0.7338560819625854 197
1725353476992 0.6988662481307983 198
1725353477824 0.7197615504264832 199
1725353478501 0.7953912019729614 200
1725353479342 0.810340166091919 201
1725353480058 0.7952169179916382 202
