1725351398454 22.6322021484375 1
1725351399152 22.31483268737793 2
1725351399963 22.19101333618164 3
1725351400686 22.428213119506836 4
1725351401392 22.521739959716797 5
1725351402109 22.842145919799805 6
1725351402917 22.958934783935547 7
1725351403788 23.038644790649414 8
1725351404571 23.51505470275879 9
1725351405407 23.492229461669922 10
1725351406113 23.764766693115234 11
1725351406988 22.87622833251953 12
1725351407812 21.948198318481445 13
1725351408758 23.445850372314453 14
1725351409512 21.15210723876953 15
1725351410344 21.200998306274414 16
1725351411192 20.754138946533203 17
1725351411984 21.99790382385254 18
1725351412723 22.93671226501465 19
1725351413487 22.300270080566406 20
1725351414342 22.65557289123535 21
1725351415159 21.825458526611328 22
1725351415888 22.736906051635742 23
1725351416576 22.299272537231445 24
1725351417464 22.29190444946289 25
1725351418216 22.87590980529785 26
1725351419004 21.996891021728516 27
1725351419729 22.349668502807617 28
1725351420462 22.349700927734375 29
1725351421240 21.613304138183594 30
1725351422011 22.856876373291016 31
1725351422798 21.67799949645996 32
1725351423546 23.397836685180664 33
1725351424399 23.3779354095459 34
1725351425267 22.3934383392334 35
1725351426307 21.99927520751953 36
1725351427265 21.950359344482422 37
1725351428218 21.413658142089844 38
1725351429121 21.335243225097656 39
1725351429988 22.584156036376953 40
1725351430747 22.738338470458984 41
1725351431644 22.410600662231445 42
1725351432564 21.58308982849121 43
1725351433596 21.68778419494629 44
1725351434609 21.763851165771484 45
1725351435677 22.375978469848633 46
1725351436731 22.04239273071289 47
1725351437770 20.78827667236328 48
1725351438609 21.499574661254883 49
1725351439621 22.789976119995117 50
1725351440669 21.907541275024414 51
1725351441603 21.760379791259766 52
1725351442398 21.926725387573242 53
1725351443196 22.394155502319336 54
1725351443957 22.393049240112305 55
1725351444900 22.430471420288086 56
1725351445701 22.13690757751465 57
1725351446517 22.36546516418457 58
1725351447332 21.254634857177734 59
1725351448220 21.625789642333984 60
1725351448992 21.0119686126709 61
1725351449745 22.223648071289062 62
1725351450567 21.102651596069336 63
1725351451438 21.170963287353516 64
1725351452220 21.74322509765625 65
1725351453041 21.48244285583496 66
1725351453811 21.65511131286621 67
1725351454691 22.966379165649414 68
1725351455544 23.259920120239258 69
1725351456244 23.095630645751953 70
1725351456973 22.629682540893555 71
1725351457735 22.299333572387695 72
1725351458550 22.445335388183594 73
1725351459264 21.79034996032715 74
1725351460059 22.417827606201172 75
1725351460951 22.245908737182617 76
1725351461751 25.149303436279297 77
1725351462557 22.66512107849121 78
1725351463255 23.642452239990234 79
1725351463963 23.869117736816406 80
1725351464748 22.76066780090332 81
1725351465608 22.89701271057129 82
1725351466314 22.17057228088379 83
1725351467125 20.622089385986328 84
1725351467904 21.584165573120117 85
1725351468640 22.22220802307129 86
1725351469399 22.9274959564209 87
1725351470257 22.074687957763672 88
1725351470973 20.867172241210938 89
1725351471859 21.645172119140625 90
1725351472717 21.325439453125 91
1725351473527 21.071529388427734 92
1725351474398 22.678234100341797 93
1725351475371 24.48296356201172 94
1725351476206 23.0594482421875 95
1725351476977 23.015445709228516 96
1725351477715 22.235260009765625 97
1725351478458 23.27701759338379 98
1725351479231 21.647319793701172 99
1725351480016 23.434354782104492 100
1725351480808 21.912107467651367 101
1725351481550 23.351747512817383 102
1725351482442 23.7423095703125 103
1725351483211 22.172697067260742 104
1725351484004 20.8726863861084 105
1725351484927 21.933813095092773 106
1725351485792 21.224483489990234 107
1725351486698 21.106204986572266 108
1725351487476 22.269380569458008 109
1725351488268 21.633472442626953 110
1725351488994 22.068359375 111
1725351489781 21.74921226501465 112
1725351490591 21.259906768798828 113
1725351491392 22.138147354125977 114
1725351492172 21.130062103271484 115
1725351493000 21.99516487121582 116
1725351493709 21.56258773803711 117
1725351494535 21.513412475585938 118
1725351495287 21.833778381347656 119
1725351496066 22.632213592529297 120
1725351496758 22.271434783935547 121
1725351497560 19.646055221557617 122
1725351498296 22.018295288085938 123
1725351499070 21.467979431152344 124
1725351499823 21.386215209960938 125
1725351500591 21.43963050842285 126
1725351501417 22.391752243041992 127
1725351502220 21.40029525756836 128
1725351502982 21.07115364074707 129
1725351503759 21.627803802490234 130
1725351504470 21.510122299194336 131
1725351505256 21.039865493774414 132
1725351506023 21.46380043029785 133
1725351506796 21.00876235961914 134
1725351507522 22.030651092529297 135
1725351508341 20.866418838500977 136
1725351509120 20.87655258178711 137
1725351509825 21.601131439208984 138
1725351510574 21.383695602416992 139
1725351511394 21.778146743774414 140
1725351512262 21.29010772705078 141
1725351513079 21.39077377319336 142
1725351513848 21.806020736694336 143
1725351514600 21.256372451782227 144
1725351515439 20.84950065612793 145
1725351516240 21.92041778564453 146
1725351517107 21.3250732421875 147
1725351517910 21.777544021606445 148
1725351518630 22.717731475830078 149
1725351519440 21.621715545654297 150
1725351520187 21.0603084564209 151
1725351520949 21.051212310791016 152
1725351521691 21.7094669342041 153
1725351522537 22.064729690551758 154
1725351523425 21.986568450927734 155
1725351524344 21.24633026123047 156
1725351525177 23.739727020263672 157
1725351525955 24.453752517700195 158
1725351526875 23.74312400817871 159
1725351527643 22.46712303161621 160
1725351528532 21.53608512878418 161
1725351529360 22.884204864501953 162
1725351530309 21.64791488647461 163
1725351531272 23.01143455505371 164
1725351532268 23.107934951782227 165
1725351533279 22.13588523864746 166
1725351534233 21.740352630615234 167
1725351535186 22.21114730834961 168
1725351536089 22.231597900390625 169
1725351537029 22.00152015686035 170
1725351537786 22.59183692932129 171
1725351538677 22.13108253479004 172
1725351539483 22.237709045410156 173
1725351540305 22.49095344543457 174
1725351541253 21.722270965576172 175
1725351542119 22.452978134155273 176
1725351543044 21.86371612548828 177
1725351543899 22.60122299194336 178
1725351544842 22.034687042236328 179
1725351545742 22.973237991333008 180
1725351546545 22.752668380737305 181
1725351547423 21.669858932495117 182
1725351548362 22.205257415771484 183
1725351549279 21.396982192993164 184
1725351550201 22.334552764892578 185
1725351550987 23.0510311126709 186
1725351551726 23.453750610351562 187
1725351552578 22.914167404174805 188
1725351553368 23.338825225830078 189
1725351554146 21.73828887939453 190
1725351555020 24.036176681518555 191
1725351555935 24.201648712158203 192
1725351556781 23.80862808227539 193
1725351557532 23.118900299072266 194
1725351558367 22.46941566467285 195
1725351559203 22.8114013671875 196
1725351560002 22.056917190551758 197
1725351560797 22.084985733032227 198
1725351561692 21.471542358398438 199
1725351562359 22.92308807373047 200
1725351563222 23.214977264404297 201
1725351563985 22.598608016967773 202
