1725351398454 0.7741777896881104 1
1725351399152 0.7448302507400513 2
1725351399963 0.7383770942687988 3
1725351400686 0.7523636817932129 4
1725351401392 0.7484380602836609 5
1725351402109 0.8126672506332397 6
1725351402917 0.7824150323867798 7
1725351403788 0.7973302006721497 8
1725351404571 0.8193827867507935 9
1725351405407 0.7878516912460327 10
1725351406113 0.828704833984375 11
1725351406988 0.7384796142578125 12
1725351407812 0.6972912549972534 13
1725351408758 0.7297491431236267 14
1725351409512 0.6787793040275574 15
1725351410344 0.6886380910873413 16
1725351411192 0.7145782709121704 17
1725351411984 0.7304724454879761 18
1725351412723 0.7444081902503967 19
1725351413487 0.7397284507751465 20
1725351414342 0.7355605959892273 21
1725351415159 0.6740682125091553 22
1725351415888 0.7431087493896484 23
1725351416576 0.7260545492172241 24
1725351417464 0.7389732599258423 25
1725351418216 0.7591173648834229 26
1725351419004 0.7015315890312195 27
1725351419729 0.7342687249183655 28
1725351420462 0.7254886627197266 29
1725351421240 0.7066338062286377 30
1725351422011 0.7470434904098511 31
1725351422798 0.6915790438652039 32
1725351423546 0.8034748435020447 33
1725351424399 0.7889333963394165 34
1725351425267 0.7377563714981079 35
1725351426307 0.759404182434082 36
1725351427265 0.7066394090652466 37
1725351428218 0.6904614567756653 38
1725351429121 0.6935514211654663 39
1725351429988 0.7644658088684082 40
1725351430747 0.7671109437942505 41
1725351431644 0.7246189713478088 42
1725351432564 0.644991397857666 43
1725351433596 0.6613580584526062 44
1725351434609 0.6402682065963745 45
1725351435677 0.7164645195007324 46
1725351436731 0.6879028081893921 47
1725351437770 0.5684532523155212 48
1725351438609 0.6252877116203308 49
1725351439621 0.7307590246200562 50
1725351440669 0.7199180722236633 51
1725351441603 0.687122106552124 52
1725351442398 0.7181857824325562 53
1725351443196 0.6986729502677917 54
1725351443957 0.7371582984924316 55
1725351444900 0.7193361520767212 56
1725351445701 0.6891010999679565 57
1725351446517 0.6727911233901978 58
1725351447332 0.6281524896621704 59
1725351448220 0.6309851408004761 60
1725351448992 0.6498147249221802 61
1725351449745 0.7235255837440491 62
1725351450567 0.6511018872261047 63
1725351451438 0.6122339367866516 64
1725351452220 0.6550939083099365 65
1725351453041 0.621626615524292 66
1725351453811 0.6994736194610596 67
1725351454691 0.7478809356689453 68
1725351455544 0.791860818862915 69
1725351456244 0.7282071113586426 70
1725351456973 0.722205638885498 71
1725351457735 0.6699897050857544 72
1725351458550 0.7056453227996826 73
1725351459264 0.6862083077430725 74
1725351460059 0.7304892539978027 75
1725351460951 0.7135105133056641 76
1725351461751 0.7683498859405518 77
1725351462557 0.7552828192710876 78
1725351463255 0.7515685558319092 79
1725351463963 0.7722179889678955 80
1725351464748 0.748633623123169 81
1725351465608 0.7165713906288147 82
1725351466314 0.7172562479972839 83
1725351467125 0.6143016815185547 84
1725351467904 0.6607081890106201 85
1725351468640 0.7137699127197266 86
1725351469399 0.7317478656768799 87
1725351470257 0.6948642730712891 88
1725351470973 0.6533231735229492 89
1725351471859 0.6605207324028015 90
1725351472717 0.6724488139152527 91
1725351473527 0.7118340730667114 92
1725351474398 0.7208685874938965 93
1725351475371 0.7730260491371155 94
1725351476206 0.7137264013290405 95
1725351476977 0.7603827714920044 96
1725351477715 0.6739045977592468 97
1725351478458 0.74873286485672 98
1725351479231 0.7001814842224121 99
1725351480016 0.7652157545089722 100
1725351480808 0.687850832939148 101
1725351481550 0.733506977558136 102
1725351482442 0.7992223501205444 103
1725351483211 0.7364295721054077 104
1725351484004 0.6631213426589966 105
1725351484927 0.6657983660697937 106
1725351485792 0.672034740447998 107
1725351486698 0.6660127639770508 108
1725351487476 0.7346800565719604 109
1725351488268 0.6941466331481934 110
1725351488994 0.7294108867645264 111
1725351489781 0.6871682405471802 112
1725351490591 0.6431817412376404 113
1725351491392 0.6843564510345459 114
1725351492172 0.6744275093078613 115
1725351493000 0.714767336845398 116
1725351493709 0.6766434907913208 117
1725351494535 0.6936498880386353 118
1725351495287 0.667231023311615 119
1725351496066 0.6795915365219116 120
1725351496758 0.714049756526947 121
1725351497560 0.5987033843994141 122
1725351498296 0.7220219373703003 123
1725351499070 0.676233172416687 124
1725351499823 0.659448504447937 125
1725351500591 0.6431175470352173 126
1725351501417 0.7176209688186646 127
1725351502220 0.6732072830200195 128
1725351502982 0.6575403213500977 129
1725351503759 0.6886121034622192 130
1725351504470 0.6743340492248535 131
1725351505256 0.6373450756072998 132
1725351506023 0.6692478656768799 133
1725351506796 0.6429972648620605 134
1725351507522 0.7134616374969482 135
1725351508341 0.6161525249481201 136
1725351509120 0.6465411186218262 137
1725351509825 0.6771258115768433 138
1725351510574 0.6547387838363647 139
1725351511394 0.6579493284225464 140
1725351512262 0.6168195009231567 141
1725351513079 0.7005758285522461 142
1725351513848 0.663470983505249 143
1725351514600 0.6765166521072388 144
1725351515439 0.6333252191543579 145
1725351516240 0.7133045196533203 146
1725351517107 0.6753222942352295 147
1725351517910 0.7146894931793213 148
1725351518630 0.7278356552124023 149
1725351519440 0.666972815990448 150
1725351520187 0.6448032259941101 151
1725351520949 0.6385135650634766 152
1725351521691 0.6252734065055847 153
1725351522537 0.7067828178405762 154
1725351523425 0.7460312247276306 155
1725351524344 0.706925630569458 156
1725351525177 0.8244745135307312 157
1725351525955 0.8684643507003784 158
1725351526875 0.8068109154701233 159
1725351527643 0.7123085260391235 160
1725351528532 0.693175733089447 161
1725351529360 0.7632200121879578 162
1725351530309 0.7130579948425293 163
1725351531272 0.7757488489151001 164
1725351532268 0.806740403175354 165
1725351533279 0.7076538801193237 166
1725351534233 0.6793755292892456 167
1725351535186 0.7468419075012207 168
1725351536089 0.7342996597290039 169
1725351537029 0.7524402141571045 170
1725351537786 0.7676554918289185 171
1725351538677 0.7309322357177734 172
1725351539483 0.7162075042724609 173
1725351540305 0.769240140914917 174
1725351541253 0.6675971746444702 175
1725351542119 0.7887115478515625 176
1725351543044 0.7290694713592529 177
1725351543899 0.7642632126808167 178
1725351544842 0.6895478963851929 179
1725351545742 0.7773153781890869 180
1725351546545 0.7819579839706421 181
1725351547423 0.7405758500099182 182
1725351548362 0.7718386054039001 183
1725351549279 0.714914858341217 184
1725351550201 0.7540032863616943 185
1725351550987 0.8279178142547607 186
1725351551726 0.8077307939529419 187
1725351552578 0.7646573781967163 188
1725351553368 0.8004828691482544 189
1725351554146 0.7277323007583618 190
1725351555020 0.8119973540306091 191
1725351555935 0.8389357328414917 192
1725351556781 0.8290234208106995 193
1725351557532 0.7983698844909668 194
1725351558367 0.6929168105125427 195
1725351559203 0.7844535112380981 196
1725351560002 0.7293752431869507 197
1725351560797 0.7099125385284424 198
1725351561692 0.7018181085586548 199
1725351562359 0.7911475300788879 200
1725351563222 0.8137202262878418 201
1725351563985 0.7938303351402283 202
