1725351398454 0.005454810336232185 1
1725351399152 0.005868359934538603 2
1725351399963 0.00603807857260108 3
1725351400686 0.005717138759791851 4
1725351401392 0.0055953338742256165 5
1725351402109 0.0051973904483020306 6
1725351402917 0.005059484858065844 7
1725351403788 0.004967471119016409 8
1725351404571 0.00445137731730938 9
1725351405407 0.004474833607673645 10
1725351406113 0.004202648531645536 11
1725351406988 0.005156761966645718 12
1725351407812 0.0063852835446596146 13
1725351408758 0.004522878210991621 14
1725351409512 0.0076698921620845795 15
1725351410344 0.007584030739963055 16
1725351411192 0.008405936881899834 17
1725351411984 0.0063126180320978165 18
1725351412723 0.005085441283881664 19
1725351413487 0.0058880699798464775 20
1725351414342 0.005425537936389446 21
1725351415159 0.0065683163702487946 22
1725351415888 0.005324873141944408 23
1725351416576 0.005889423191547394 24
1725351417464 0.005899424664676189 25
1725351418216 0.005157139152288437 26
1725351419004 0.0063140904530882835 27
1725351419729 0.005821476690471172 28
1725351420462 0.005821431986987591 29
1725351421240 0.00689714727923274 30
1725351422011 0.005179791711270809 31
1725351422798 0.00679516326636076 32
1725351423546 0.004573157988488674 33
1725351424399 0.00459416164085269 34
1725351425267 0.005763098131865263 35
1725351426307 0.00631062313914299 36
1725351427265 0.0063821058720350266 37
1725351428218 0.007221611216664314 38
1725351429121 0.007353188004344702 39
1725351429988 0.005515492521226406 40
1725351430747 0.005323117133229971 41
1725351431644 0.005740370601415634 42
1725351432564 0.0069452980533242226 43
1725351433596 0.006779871881008148 44
1725351434609 0.006662155967205763 45
1725351435677 0.00578631367534399 46
1725351436731 0.006248283199965954 47
1725351437770 0.008340117521584034 48
1725351438609 0.007080149836838245 49
1725351439621 0.00526020023971796 50
1725351440669 0.006445340812206268 51
1725351441603 0.0066674817353487015 52
1725351442398 0.006416932679712772 53
1725351443196 0.005762147717177868 54
1725351443957 0.0057636140845716 55
1725351444900 0.0057141645811498165 56
1725351445701 0.006113772746175528 57
1725351446517 0.005800339393317699 58
1725351447332 0.007490944117307663 59
1725351448220 0.006877346895635128 60
1725351448992 0.00792142003774643 61
1725351449745 0.005992874503135681 62
1725351450567 0.007757730782032013 63
1725351451438 0.007636663969606161 64
1725351452220 0.006693871691823006 65
1725351453041 0.007108134683221579 66
1725351453811 0.006831071805208921 67
1725351454691 0.0050508202984929085 68
1725351455544 0.004720715805888176 69
1725351456244 0.004902717657387257 70
1725351456973 0.005457977764308453 71
1725351457735 0.005889338441193104 72
1725351458550 0.005694643594324589 73
1725351459264 0.006621630396693945 74
1725351460059 0.005730826407670975 75
1725351460951 0.005962233059108257 76
1725351461751 0.0030554099939763546 77
1725351462557 0.005413620732724667 78
1725351463255 0.00432269461452961 79
1725351463963 0.004102874081581831 80
1725351464748 0.0052958205342292786 81
1725351465608 0.005132142920047045 82
1725351466314 0.006066560745239258 83
1725351467125 0.008665446192026138 84
1725351467904 0.006943579763174057 85
1725351468640 0.005994861479848623 86
1725351469399 0.0050962455570697784 87
1725351470257 0.006201992742717266 88
1725351470973 0.008189976215362549 89
1725351471859 0.006846723146736622 90
1725351472717 0.007369804196059704 91
1725351473527 0.007813524454832077 92
1725351474398 0.00539729930460453 93
1725351475371 0.0035620785783976316 94
1725351476206 0.004943735431879759 95
1725351476977 0.004994079004973173 96
1725351477715 0.005976869724690914 97
1725351478458 0.004702167585492134 98
1725351479231 0.006843335460871458 99
1725351480016 0.004534866660833359 100
1725351480808 0.006438567768782377 101
1725351481550 0.004621949978172779 102
1725351482442 0.0042244382202625275 103
1725351483211 0.006063595414161682 104
1725351484004 0.00817958451807499 105
1725351484927 0.006406466476619244 106
1725351485792 0.007543129380792379 107
1725351486698 0.007751386612653732 108
1725351487476 0.005930098704993725 109
1725351488268 0.006865193136036396 110
1725351488994 0.006211037747561932 111
1725351489781 0.006684651132673025 112
1725351490591 0.007481854408979416 113
1725351491392 0.006112025585025549 114
1725351492172 0.007708922028541565 115
1725351493000 0.006316601298749447 116
1725351493709 0.006978164426982403 117
1725351494535 0.00705762580037117 118
1725351495287 0.006555747240781784 119
1725351496066 0.005454797297716141 120
1725351496758 0.005927292164415121 121
1725351497560 0.010849116370081902 122
1725351498296 0.006283048074692488 123
1725351499070 0.007131846155971289 124
1725351499823 0.007267387118190527 125
1725351500591 0.007178551983088255 126
1725351501417 0.005765336565673351 127
1725351502220 0.0072438670322299 128
1725351502982 0.007814198732376099 129
1725351503759 0.006874158047139645 130
1725351504470 0.007062973454594612 131
1725351505256 0.00787070021033287 132
1725351506023 0.007138711865991354 133
1725351506796 0.00792726781219244 134
1725351507522 0.006265196017920971 135
1725351508341 0.008191399276256561 136
1725351509120 0.00817230623215437 137
1725351509825 0.006916505750268698 138
1725351510574 0.007271606475114822 139
1725351511394 0.006640265695750713 140
1725351512262 0.007430003955960274 141
1725351513079 0.007259763311594725 142
1725351513848 0.0065977806225419044 143
1725351514600 0.00748794712126255 144
1725351515439 0.00822337344288826 145
1725351516240 0.006426258012652397 146
1725351517107 0.007370426319539547 147
1725351517910 0.006641184911131859 148
1725351518630 0.00534843560308218 149
1725351519440 0.0068838028237223625 150
1725351520187 0.007833736017346382 151
1725351520949 0.007850165478885174 152
1725351521691 0.006746105849742889 153
1725351522537 0.006216227076947689 154
1725351523425 0.006329115480184555 155
1725351524344 0.007505278568714857 156
1725351525177 0.004226951394230127 157
1725351525955 0.0035861178766936064 158
1725351526875 0.004223646130412817 159
1725351527643 0.0056661441922187805 160
1725351528532 0.007020878605544567 161
1725351529360 0.005147299729287624 162
1725351530309 0.006842398550361395 163
1725351531272 0.004998693708330393 164
1725351532268 0.004888846538960934 165
1725351533279 0.006115210708230734 166
1725351534233 0.00669830059632659 167
1725351535186 0.006010148674249649 168
1725351536089 0.00598191237077117 169
1725351537029 0.006307362578809261 170
1725351537786 0.00550574716180563 171
1725351538677 0.006121975835412741 172
1725351539483 0.005973502062261105 173
1725351540305 0.005635138135403395 174
1725351541253 0.006726247724145651 175
1725351542119 0.0056846290826797485 176
1725351543044 0.006510707549750805 177
1725351543899 0.005493860226124525 178
1725351544842 0.00625937944278121 179
1725351545742 0.0050428505055606365 180
1725351546545 0.005305582191795111 181
1725351547423 0.006807912141084671 182
1725351548362 0.006018302869051695 183
1725351549279 0.007249392569065094 184
1725351550201 0.0058417730033397675 185
1725351550987 0.0049533238634467125 186
1725351551726 0.0045146578922867775 187
1725351552578 0.0051119099371135235 188
1725351553368 0.004635721445083618 189
1725351554146 0.006701485253870487 190
1725351555020 0.0039480458945035934 191
1725351555935 0.0038004503585398197 192
1725351556781 0.0041604191064834595 193
1725351557532 0.004876517690718174 194
1725351558367 0.00566315371543169 195
1725351559203 0.005234313663095236 196
1725351560002 0.006227421574294567 197
1725351560797 0.006187302526086569 198
1725351561692 0.0071259974502027035 199
1725351562359 0.005101420916616917 200
1725351563222 0.004769823048263788 201
1725351563985 0.005497167818248272 202
