1725351183016 0.7726504802703857 1
1725351183746 0.7424852252006531 2
1725351184595 0.7231979966163635 3
1725351185336 0.7558744549751282 4
1725351186081 0.7466593384742737 5
1725351186797 0.8278878927230835 6
1725351187621 0.7935388088226318 7
1725351188514 0.8037161827087402 8
1725351189356 0.8108117580413818 9
1725351190187 0.7893887162208557 10
1725351190866 0.8250778913497925 11
1725351191710 0.7469555735588074 12
1725351192510 0.6914490461349487 13
1725351193411 0.7180677652359009 14
1725351194151 0.6794830560684204 15
1725351194941 0.6941073536872864 16
1725351195756 0.7055801153182983 17
1725351196480 0.7322533130645752 18
1725351197203 0.7340279221534729 19
1725351197941 0.7293901443481445 20
1725351198787 0.763414740562439 21
1725351199612 0.6830494999885559 22
1725351200331 0.7336670160293579 23
1725351201041 0.7163463830947876 24
1725351201930 0.7359700798988342 25
1725351202692 0.7648770809173584 26
1725351203489 0.7025133371353149 27
1725351204232 0.7263257503509521 28
1725351204948 0.7164885997772217 29
1725351205730 0.7053751945495605 30
1725351206488 0.7443934679031372 31
1725351207249 0.6814815402030945 32
1725351207992 0.8078172206878662 33
1725351208854 0.7906608581542969 34
1725351209717 0.7254736423492432 35
1725351210760 0.7657926082611084 36
1725351211710 0.7071315050125122 37
1725351212646 0.6932003498077393 38
1725351213520 0.6977416276931763 39
1725351214372 0.7684356570243835 40
1725351215149 0.7507529258728027 41
1725351216041 0.7230956554412842 42
1725351216980 0.6567891240119934 43
1725351218019 0.6669939756393433 44
1725351219074 0.642312228679657 45
1725351220095 0.7063692212104797 46
1725351221069 0.7012845277786255 47
1725351222050 0.5578836798667908 48
1725351222848 0.6233384609222412 49
1725351223908 0.7223320007324219 50
1725351224937 0.7217751145362854 51
1725351225849 0.677125096321106 52
1725351226605 0.7267414331436157 53
1725351227437 0.688988447189331 54
1725351228171 0.7452126741409302 55
1725351229106 0.7166409492492676 56
1725351229908 0.6899186968803406 57
1725351230736 0.6530593037605286 58
1725351231561 0.6170459985733032 59
1725351232422 0.6298890113830566 60
1725351233183 0.6673091650009155 61
1725351233963 0.7222371101379395 62
1725351234767 0.6366750001907349 63
1725351235623 0.6142449378967285 64
1725351236400 0.656589686870575 65
1725351237174 0.6341251134872437 66
1725351237949 0.6789183616638184 67
1725351238832 0.741349458694458 68
1725351239694 0.7907260060310364 69
1725351240410 0.7104530334472656 70
1725351241156 0.7141199707984924 71
1725351241891 0.6758146286010742 72
1725351242656 0.7332504391670227 73
1725351243374 0.695622444152832 74
1725351244166 0.7399284839630127 75
1725351245053 0.7320637702941895 76
1725351245867 0.7648552656173706 77
1725351246680 0.7500622272491455 78
1725351247382 0.7527274489402771 79
1725351248120 0.7979657649993896 80
1725351248932 0.7525201439857483 81
1725351249822 0.7064184546470642 82
1725351250573 0.7237286567687988 83
1725351251407 0.608052134513855 84
1725351252170 0.6753893494606018 85
1725351252897 0.7087075710296631 86
1725351253662 0.737271785736084 87
1725351254498 0.6955184936523438 88
1725351255202 0.6409246325492859 89
1725351256104 0.6589099764823914 90
1725351256972 0.6726256012916565 91
1725351257779 0.7162885665893555 92
1725351258641 0.722621500492096 93
1725351259627 0.7695653438568115 94
1725351260421 0.7190219163894653 95
1725351261185 0.7681411504745483 96
1725351261959 0.6702497005462646 97
1725351262674 0.7667924165725708 98
1725351263437 0.7110240459442139 99
1725351264218 0.7529394030570984 100
1725351265015 0.6880697011947632 101
1725351265742 0.7515532970428467 102
1725351266642 0.7541593313217163 103
1725351267396 0.7439453601837158 104
1725351268145 0.656434178352356 105
1725351269024 0.6736493110656738 106
1725351269846 0.6737602949142456 107
1725351270744 0.6652635335922241 108
1725351271491 0.738743782043457 109
1725351272275 0.6895943284034729 110
1725351272979 0.7263072729110718 111
1725351273739 0.6747336387634277 112
1725351274529 0.660236120223999 113
1725351275296 0.6942911148071289 114
1725351276064 0.6531269550323486 115
1725351276883 0.7289761900901794 116
1725351277580 0.6685374975204468 117
1725351278382 0.6957513093948364 118
1725351279149 0.6785743236541748 119
1725351279902 0.6775858402252197 120
1725351280615 0.7080907821655273 121
1725351281406 0.6297417879104614 122
1725351282204 0.7101343870162964 123
1725351283028 0.6829383373260498 124
1725351283796 0.6770721077919006 125
1725351284591 0.6516678333282471 126
1725351285419 0.7060060501098633 127
1725351286289 0.6612094640731812 128
1725351287087 0.6667176485061646 129
1725351287879 0.6799615621566772 130
1725351288600 0.6789126396179199 131
1725351289397 0.6344623565673828 132
1725351290228 0.6822749972343445 133
1725351291032 0.653469443321228 134
1725351291781 0.701675295829773 135
1725351292601 0.6271933317184448 136
1725351293406 0.6436564922332764 137
1725351294169 0.6623752117156982 138
1725351294919 0.639054536819458 139
1725351295787 0.6338392496109009 140
1725351296684 0.625824511051178 141
1725351297513 0.6975059509277344 142
1725351298316 0.6417355537414551 143
1725351299012 0.670018196105957 144
1725351299860 0.649339497089386 145
1725351300676 0.7185965180397034 146
1725351301521 0.681962788105011 147
1725351302315 0.6944435834884644 148
1725351303059 0.7254865169525146 149
1725351303890 0.6673288345336914 150
1725351304613 0.6455898880958557 151
1725351305400 0.6727575063705444 152
1725351306160 0.623062014579773 153
1725351307017 0.7011919021606445 154
1725351307936 0.744544267654419 155
1725351308829 0.7070630788803101 156
1725351309698 0.8281468749046326 157
1725351310468 0.8693817853927612 158
1725351311398 0.8077234029769897 159
1725351312194 0.6911183595657349 160
1725351313052 0.7131657600402832 161
1725351313864 0.7668663859367371 162
1725351314805 0.7170816659927368 163
1725351315773 0.7637010812759399 164
1725351316778 0.8095185160636902 165
1725351317769 0.7186459302902222 166
1725351318710 0.6902142763137817 167
1725351319620 0.7508929967880249 168
1725351320520 0.7373469471931458 169
1725351321437 0.7582634687423706 170
1725351322180 0.7643468379974365 171
1725351323079 0.71163409948349 172
1725351323874 0.7066827416419983 173
1725351324704 0.7626229524612427 174
1725351325667 0.6772991418838501 175
1725351326591 0.7968350648880005 176
1725351327566 0.7470670938491821 177
1725351328424 0.7700174450874329 178
1725351329414 0.6823027729988098 179
1725351330355 0.7804920673370361 180
1725351331145 0.7775660157203674 181
1725351332080 0.7334933280944824 182
1725351332971 0.77979975938797 183
1725351333839 0.7153345346450806 184
1725351334785 0.7689924836158752 185
1725351335582 0.8221340179443359 186
1725351336318 0.805532693862915 187
1725351337161 0.7736403942108154 188
