1725351183016 0.005461347755044699 1
1725351183746 0.006156823597848415 2
1725351184595 0.006581876426935196 3
1725351185336 0.00551039632409811 4
1725351186081 0.005628849379718304 5
1725351186797 0.004762865602970123 6
1725351187621 0.004804317839443684 7
1725351188514 0.004773607011884451 8
1725351189356 0.004709628876298666 9
1725351190187 0.004527568351477385 10
1725351190866 0.004301007837057114 11
1725351191710 0.004892383702099323 12
1725351192510 0.006641411688178778 13
1725351193411 0.00489705940708518 14
1725351194151 0.007984609343111515 15
1725351194941 0.007723960094153881 16
1725351195756 0.009062176570296288 17
1725351196480 0.006291271187365055 18
1725351197203 0.005204949527978897 19
1725351197941 0.006040807347744703 20
1725351198787 0.004977332428097725 21
1725351199612 0.006290237884968519 22
1725351200331 0.0056764595210552216 23
1725351201041 0.005982410162687302 24
1725351201930 0.006085763685405254 25
1725351202692 0.005017679650336504 26
1725351203489 0.00632123090326786 27
1725351204232 0.0062613412737846375 28
1725351204948 0.005963367875665426 29
1725351205730 0.007011516951024532 30
1725351206488 0.005254928022623062 31
1725351207249 0.007402018643915653 32
1725351207992 0.004486626014113426 33
1725351208854 0.004426373168826103 34
1725351209717 0.005999750457704067 35
1725351210760 0.0056309811770915985 36
1725351211710 0.006331480108201504 37
1725351212646 0.007110820151865482 38
1725351213520 0.0072314864955842495 39
1725351214372 0.005493221804499626 40
1725351215149 0.0058127338998019695 41
1725351216041 0.005891307257115841 42
1725351216980 0.006557376589626074 43
1725351218019 0.006489783525466919 44
1725351219074 0.006147453095763922 45
1725351220095 0.006027865223586559 46
1725351221069 0.005903361365199089 47
1725351222050 0.008526373654603958 48
1725351222848 0.007085676304996014 49
1725351223908 0.0055175344459712505 50
1725351224937 0.006551658734679222 51
1725351225849 0.006532820872962475 52
1725351226605 0.005912306718528271 53
1725351227437 0.006154588423669338 54
1725351228171 0.005551021546125412 55
1725351229106 0.005861684679985046 56
1725351229908 0.005913356319069862 57
1725351230736 0.006500478833913803 58
1725351231561 0.007765484508126974 59
1725351232422 0.006677963770925999 60
1725351233183 0.007423367351293564 61
1725351233963 0.0057373507879674435 62
1725351234767 0.008234132081270218 63
1725351235623 0.007623528596013784 64
1725351236400 0.006898114457726479 65
1725351237174 0.006454228423535824 66
1725351237949 0.007363244891166687 67
1725351238832 0.005332848057150841 68
1725351239694 0.0049388837069272995 69
1725351240410 0.005632021930068731 70
1725351241156 0.005661030765622854 71
1725351241891 0.005751888733357191 72
1725351242656 0.004620035644620657 73
1725351243374 0.0062875086441636086 74
1725351244166 0.00538699422031641 75
1725351245053 0.005252861883491278 76
1725351245867 0.0031369614880532026 77
1725351246680 0.005638893693685532 78
1725351247382 0.004253230057656765 79
1725351248120 0.0035192961804568768 80
1725351248932 0.0051430994644761086 81
1725351249822 0.005566486157476902 82
1725351250573 0.005727092735469341 83
1725351251407 0.009067431092262268 84
1725351252170 0.006244409829378128 85
1725351252897 0.0058247121050953865 86
1725351253662 0.00480915792286396 87
1725351254498 0.006056156009435654 88
1725351255202 0.008540071547031403 89
1725351256104 0.00710500730201602 90
1725351256972 0.008280358277261257 91
1725351257779 0.007491782307624817 92
1725351258641 0.005194615572690964 93
1725351259627 0.003665030701085925 94
1725351260421 0.0047198934480547905 95
1725351261185 0.004683601204305887 96
1725351261959 0.0059076957404613495 97
1725351262674 0.004428261891007423 98
1725351263437 0.006208163686096668 99
1725351264218 0.004843902308493853 100
1725351265015 0.006408738903701305 101
1725351265742 0.004258161410689354 102
1725351266642 0.005732415243983269 103
1725351267396 0.0057441070675849915 104
1725351268145 0.008382841013371944 105
1725351269024 0.0064375377260148525 106
1725351269846 0.007790215313434601 107
1725351270744 0.007590095512568951 108
1725351271491 0.0058518750593066216 109
1725351272275 0.006717459298670292 110
1725351272979 0.006321439053863287 111
1725351273739 0.006895583122968674 112
1725351274529 0.006477114744484425 113
1725351275296 0.006233879365026951 114
1725351276064 0.008409157395362854 115
1725351276883 0.00586263183504343 116
1725351277580 0.007294497452676296 117
1725351278382 0.0066773234866559505 118
1725351279149 0.006245548836886883 119
1725351279902 0.005720741581171751 120
1725351280615 0.006229666527360678 121
1725351281406 0.009652532637119293 122
1725351282204 0.006532897707074881 123
1725351283028 0.0070428731851279736 124
1725351283796 0.0069894506596028805 125
1725351284591 0.006717825308442116 126
1725351285419 0.005924436263740063 127
1725351286289 0.007947182282805443 128
1725351287087 0.008106863126158714 129
1725351287879 0.007193857338279486 130
1725351288600 0.006969971116632223 131
1725351289397 0.007731934543699026 132
1725351290228 0.006641654297709465 133
1725351291032 0.007787358947098255 134
1725351291781 0.006583958864212036 135
1725351292601 0.00792931579053402 136
1725351293406 0.008165890350937843 137
1725351294169 0.007709277328103781 138
1725351294919 0.0076520307920873165 139
1725351295787 0.007383073680102825 140
1725351296684 0.007264044135808945 141
1725351297513 0.007451899349689484 142
1725351298316 0.0071837711147964 143
1725351299012 0.007700738497078419 144
1725351299860 0.007290416397154331 145
1725351300676 0.006453425623476505 146
1725351301521 0.007197484374046326 147
1725351302315 0.007313586305826902 148
1725351303059 0.005513331852853298 149
1725351303890 0.007198202423751354 150
1725351304613 0.007849078625440598 151
1725351305400 0.006694082170724869 152
1725351306160 0.006877612322568893 153
1725351307017 0.006706760730594397 154
1725351307936 0.006255354732275009 155
1725351308829 0.007632683031260967 156
1725351309698 0.004144587554037571 157
1725351310468 0.003558897180482745 158
1725351311398 0.004214509855955839 159
1725351312194 0.006320762913674116 160
1725351313052 0.006331858690828085 161
1725351313864 0.005108581855893135 162
1725351314805 0.006877820938825607 163
1725351315773 0.00528742466121912 164
1725351316778 0.004645541310310364 165
1725351317769 0.005808408837765455 166
1725351318710 0.006273715756833553 167
1725351319620 0.006073824129998684 168
1725351320520 0.00629385095089674 169
1725351321437 0.006130781956017017 170
1725351322180 0.005377919413149357 171
1725351323079 0.006640901323407888 172
1725351323874 0.00619503203779459 173
1725351324704 0.00602380558848381 174
1725351325667 0.006606788840144873 175
1725351326591 0.00553965475410223 176
1725351327566 0.00596704613417387 177
1725351328424 0.0052507417276501656 178
1725351329414 0.0064275129698216915 179
1725351330355 0.005020723678171635 180
1725351331145 0.005306093953549862 181
1725351332080 0.007113208528608084 182
1725351332971 0.0054167043417692184 183
1725351333839 0.007075541652739048 184
1725351334785 0.005011431407183409 185
1725351335582 0.005090403836220503 186
1725351336318 0.004616172984242439 187
1725351337161 0.005015097092837095 188
