1725351183016 22.62700080871582 1
1725351183746 22.10643196105957 2
1725351184595 21.816503524780273 3
1725351185336 22.588171005249023 4
1725351186081 22.495803833007812 5
1725351186797 23.221315383911133 6
1725351187621 23.18368148803711 7
1725351188514 23.211532592773438 8
1725351189356 23.270132064819336 9
1725351190187 23.441349029541016 10
1725351190866 23.664297103881836 11
1725351191710 23.104793548583984 12
1725351192510 21.777393341064453 13
1725351193411 23.100645065307617 14
1725351194151 20.977460861206055 15
1725351194941 21.121599197387695 16
1725351195756 20.427675247192383 17
1725351196480 22.012615203857422 18
1725351197203 22.835834503173828 19
1725351197941 22.189048767089844 20
1725351198787 23.030033111572266 21
1725351199612 22.013328552246094 22
1725351200331 22.459224700927734 23
1725351201041 22.231237411499023 24
1725351201930 22.156848907470703 25
1725351202692 22.994970321655273 26
1725351203489 21.99198341369629 27
1725351204232 22.0333251953125 28
1725351204948 22.24508285522461 29
1725351205730 21.541879653930664 30
1725351206488 22.794330596923828 31
1725351207249 21.30649757385254 32
1725351207992 23.48080062866211 33
1725351208854 23.539520263671875 34
1725351209717 22.218666076660156 35
1725351210760 22.494157791137695 36
1725351211710 21.984947204589844 37
1725351212646 21.480802536010742 38
1725351213520 21.407724380493164 39
1725351214372 22.601728439331055 40
1725351215149 22.35619354248047 41
1725351216041 22.297882080078125 42
1725351216980 21.83269691467285 43
1725351218019 21.877696990966797 44
1725351219074 22.113046646118164 45
1725351220095 22.1983642578125 46
1725351221069 22.28900718688965 47
1725351222050 20.69235610961914 48
1725351222848 21.496185302734375 49
1725351223908 22.582550048828125 50
1725351224937 21.83648681640625 51
1725351225849 21.8489933013916 52
1725351226605 22.282428741455078 53
1725351227437 22.108009338378906 54
1725351228171 22.556270599365234 55
1725351229106 22.319774627685547 56
1725351229908 22.281658172607422 57
1725351230736 21.870546340942383 58
1725351231561 21.09831428527832 59
1725351232422 21.753559112548828 60
1725351233183 21.293989181518555 61
1725351233963 22.412883758544922 62
1725351234767 20.843822479248047 63
1725351235623 21.178438186645508 64
1725351236400 21.612695693969727 65
1725351237174 21.90155601501465 66
1725351237949 21.32930564880371 67
1725351238832 22.73040771484375 68
1725351239694 23.063711166381836 69
1725351240410 22.493356704711914 70
1725351241156 22.471044540405273 71
1725351241891 22.401893615722656 72
1725351242656 23.353544235229492 73
1725351243374 22.015213012695312 74
1725351244166 22.686534881591797 75
1725351245053 22.796039581298828 76
1725351245867 25.0349063873291 77
1725351246680 22.488059997558594 78
1725351247382 23.712810516357422 79
1725351248120 24.53544044494629 80
1725351248932 22.88775062561035 81
1725351249822 22.544187545776367 82
1725351250573 22.420656204223633 83
1725351251407 20.42515754699707 84
1725351252170 22.045085906982422 85
1725351252897 22.347253799438477 86
1725351253662 23.179309844970703 87
1725351254498 22.178028106689453 88
1725351255202 20.685382843017578 89
1725351256104 21.48435401916504 90
1725351256972 20.819507598876953 91
1725351257779 21.254148483276367 92
1725351258641 22.844465255737305 93
1725351259627 24.359222412109375 94
1725351260421 23.260677337646484 95
1725351261185 23.294198989868164 96
1725351261959 22.285818099975586 97
1725351262674 23.53766632080078 98
1725351263437 22.07036781311035 99
1725351264218 23.148046493530273 100
1725351265015 21.932273864746094 101
1725351265742 23.70777702331543 102
1725351266642 22.416622161865234 103
1725351267396 22.407773971557617 104
1725351268145 20.76608657836914 105
1725351269024 21.912799835205078 106
1725351269846 21.084505081176758 107
1725351270744 21.197526931762695 108
1725351271491 22.327049255371094 109
1725351272275 21.727949142456055 110
1725351272979 21.991840362548828 111
1725351273739 21.614290237426758 112
1725351274529 21.88618278503418 113
1725351275296 22.052413940429688 114
1725351276064 20.752473831176758 115
1725351276883 22.319072723388672 116
1725351277580 21.370046615600586 117
1725351278382 21.75397491455078 118
1725351279149 22.044292449951172 119
1725351279902 22.42547607421875 120
1725351280615 22.05535125732422 121
1725351281406 20.15358543395996 122
1725351282204 21.848939895629883 123
1725351283028 21.52250099182129 124
1725351283796 21.55556869506836 125
1725351284591 21.727710723876953 126
1725351285419 22.273529052734375 127
1725351286289 20.997867584228516 128
1725351287087 20.911470413208008 129
1725351287879 21.430381774902344 130
1725351288600 21.56768798828125 131
1725351289397 21.117116928100586 132
1725351290228 21.777236938476562 133
1725351291032 21.086097717285156 134
1725351291781 21.815128326416016 135
1725351292601 21.00764274597168 136
1725351293406 20.87996482849121 137
1725351294169 21.12986183166504 138
1725351294919 21.1622314453125 139
1725351295787 21.317628860473633 140
1725351296684 21.388214111328125 141
1725351297513 21.277328491210938 142
1725351298316 21.436473846435547 143
1725351299012 21.134675979614258 144
1725351299860 21.372474670410156 145
1725351300676 21.902095794677734 146
1725351301521 21.428192138671875 147
1725351302315 21.35869598388672 148
1725351303059 22.585859298706055 149
1725351303890 21.427759170532227 150
1725351304613 21.05181312561035 151
1725351305400 21.743087768554688 152
1725351306160 21.625621795654297 153
1725351307017 21.73487091064453 154
1725351307936 22.037479400634766 155
1725351308829 21.173227310180664 156
1725351309698 23.825185775756836 157
1725351310468 24.486845016479492 158
1725351311398 23.75252914428711 159
1725351312194 21.9923038482666 160
1725351313052 21.98468589782715 161
1725351313864 22.916996002197266 162
1725351314805 21.625490188598633 163
1725351315773 22.76755714416504 164
1725351316778 23.32963752746582 165
1725351317769 22.359426498413086 166
1725351318710 22.024749755859375 167
1725351319620 22.165376663208008 168
1725351320520 22.010835647583008 169
1725351321437 22.124839782714844 170
1725351322180 22.693857192993164 171
1725351323079 21.777729034423828 172
1725351323874 22.07956314086914 173
1725351324704 22.201290130615234 174
1725351325667 21.800094604492188 175
1725351326591 22.56517219543457 176
1725351327566 22.24240493774414 177
1725351328424 22.797792434692383 178
1725351329414 21.919570922851562 179
1725351330355 22.99233627319336 180
1725351331145 22.752248764038086 181
1725351332080 21.47934341430664 182
1725351332971 22.662649154663086 183
1725351333839 21.50240135192871 184
1725351334785 23.000381469726562 185
1725351335582 22.932477951049805 186
1725351336318 23.357179641723633 187
1725351337161 22.99720573425293 188
